0.000000E+00	4.831869E+00	-1.738903E-01	-1.092293E-01	
5.555550E-06	4.836317E+00	-5.895269E-02	-5.402069E-02	
1.111110E-05	4.874499E+00	-2.382059E-03	8.325517E-03	
1.666665E-05	4.956918E+00	-4.633670E-02	1.278100E-02	
2.222220E-05	5.044510E+00	-8.393219E-02	1.071855E-02	
2.777775E-05	5.130646E+00	-1.227794E-01	5.993703E-03	
3.333330E-05	5.156996E+00	-1.823947E-01	-1.428047E-02	
3.888885E-05	5.106839E+00	-2.185877E-01	-3.678331E-02	
4.444440E-05	5.040529E+00	-2.372466E-01	-3.492234E-02	
4.999995E-05	4.978097E+00	-2.557550E-01	-3.049447E-02	
5.555550E-05	4.918245E+00	-2.672365E-01	-3.432590E-02	
6.111105E-05	4.910257E+00	-2.710645E-01	-1.353563E-02	
6.666660E-05	4.981733E+00	-3.015748E-01	6.427323E-03	
7.222215E-05	5.065088E+00	-3.415575E-01	9.120925E-03	
7.777770E-05	5.150271E+00	-3.905373E-01	5.025290E-03	
8.333325E-05	5.239775E+00	-3.904200E-01	-6.069738E-02	
8.888880E-05	5.281744E+00	-3.066453E-01	-1.213115E-01	
9.444435E-05	5.221535E+00	-1.972192E-01	-7.429606E-02	
9.999990E-05	5.143938E+00	-1.418301E-01	-2.606091E-02	
1.055554E-04	5.075802E+00	-1.597516E-01	-2.530463E-02	
1.111110E-04	5.007827E+00	-1.776454E-01	-2.465827E-02	
1.166666E-04	4.947227E+00	-1.860957E-01	-3.303106E-02	
1.222221E-04	4.880043E+00	-2.044988E-01	-3.295245E-02	
1.277776E-04	4.819996E+00	-2.236013E-01	-2.874313E-02	
1.333332E-04	4.815991E+00	-1.780716E-01	-7.336646E-02	
1.388888E-04	4.863231E+00	-9.029431E-02	-1.058772E-01	
1.444443E-04	4.875036E+00	3.014346E-02	-4.784955E-02	
1.499999E-04	4.894736E+00	9.076131E-02	2.527042E-03	
1.555554E-04	4.983265E+00	3.720882E-02	2.922349E-03	
1.611109E-04	5.071666E+00	-1.796901E-02	3.348067E-03	
1.666665E-04	5.146192E+00	-7.992356E-02	5.188535E-05	
1.722221E-04	5.183627E+00	-1.522403E-01	-1.292825E-02	
1.777776E-04	5.128778E+00	-1.845014E-01	-3.434391E-02	
1.833331E-04	5.061738E+00	-2.071815E-01	-3.691200E-02	
1.888887E-04	4.996512E+00	-2.341144E-01	-4.219366E-02	
1.944443E-04	4.933351E+00	-2.478560E-01	-4.771695E-02	
1.999998E-04	4.925549E+00	-2.579629E-01	-2.588450E-02	
2.055554E-04	5.002817E+00	-2.932524E-01	-4.959263E-03	
2.111109E-04	5.087033E+00	-3.465115E-01	3.318553E-03	
2.166664E-04	5.165975E+00	-4.168146E-01	1.660010E-03	
2.222220E-04	5.262254E+00	-4.406826E-01	-5.447190E-02	
2.277776E-04	5.280833E+00	-3.289468E-01	-8.227203E-02	
2.333331E-04	5.235734E+00	-2.215204E-01	-4.304044E-02	
2.388886E-04	5.172491E+00	-2.069094E-01	-4.560683E-02	
2.444442E-04	5.102150E+00	-2.267260E-01	-4.564097E-02	
2.499998E-04	5.054025E+00	-2.493823E-01	-3.099678E-02	
2.555553E-04	4.986580E+00	-2.659123E-01	-3.184868E-02	
2.611108E-04	4.918881E+00	-2.813739E-01	-3.204449E-02	
2.666664E-04	4.863375E+00	-2.871696E-01	-3.838844E-02	
2.722220E-04	4.854394E+00	-2.500764E-01	-7.875000E-02	
2.777775E-04	4.868644E+00	-1.274228E-01	-8.004469E-02	
2.833331E-04	4.885913E+00	3.155429E-02	-7.468953E-02	
2.888886E-04	4.950618E+00	1.148724E-01	-5.271167E-02	
2.944442E-04	5.005237E+00	1.120679E-01	5.656983E-04	
2.999997E-04	5.048736E+00	7.129704E-02	4.539286E-03	
3.055553E-04	5.059040E+00	-9.672052E-03	-1.447001E-02	
3.111108E-04	5.028885E+00	-7.336557E-02	-3.347676E-02	
3.166663E-04	4.969285E+00	-7.880397E-02	-4.330233E-02	
3.222219E-04	4.900633E+00	-9.444965E-02	-4.323671E-02	
3.277775E-04	4.832259E+00	-1.101046E-01	-4.324145E-02	
3.333330E-04	4.766147E+00	-1.229338E-01	-4.564029E-02	
3.388886E-04	4.780767E+00	-1.513347E-01	-6.832974E-03	
3.444441E-04	4.847184E+00	-2.020395E-01	1.416324E-02	
3.499997E-04	4.895392E+00	-2.674679E-01	3.817939E-03	
3.555552E-04	4.987440E+00	-3.418321E-01	-1.422158E-02	
3.611108E-04	5.077911E+00	-3.936909E-01	-6.511469E-02	
3.666663E-04	5.089814E+00	-3.245135E-01	-7.625933E-02	
3.722218E-04	5.116202E+00	-1.819264E-01	-8.268231E-02	
3.777774E-04	5.097589E+00	-6.285726E-02	-8.320984E-02	
3.833329E-04	5.014882E+00	-3.161649E-02	-4.467536E-02	
3.888885E-04	4.944892E+00	-5.410990E-02	-4.935880E-02	
3.944441E-04	4.873284E+00	-7.006717E-02	-4.952242E-02	
3.999996E-04	4.823078E+00	-9.116754E-02	-3.411593E-02	
4.055552E-04	4.771945E+00	-8.875912E-02	-5.166397E-02	
4.111107E-04	4.751894E+00	-6.492871E-02	-8.683009E-02	
4.166663E-04	4.755035E+00	2.648229E-02	-7.997030E-02	
4.222218E-04	4.782086E+00	1.700814E-01	-8.339238E-02	
4.277773E-04	4.847214E+00	2.568141E-01	-5.347433E-02	
4.333329E-04	4.898595E+00	2.486246E-01	4.048203E-03	
4.388884E-04	4.951135E+00	1.860370E-01	9.719864E-03	
4.444440E-04	4.966056E+00	8.817401E-02	-1.071327E-02	
4.499996E-04	4.931775E+00	1.501549E-02	-3.716621E-02	
4.555551E-04	4.860871E+00	-7.962921E-04	-3.735874E-02	
4.611107E-04	4.790363E+00	-1.620787E-02	-3.749994E-02	
4.666662E-04	4.731100E+00	-2.038806E-02	-4.904965E-02	
4.722218E-04	4.662664E+00	-3.263436E-02	-5.097532E-02	
4.777773E-04	4.675495E+00	-7.662266E-02	-1.869634E-02	
4.833328E-04	4.738251E+00	-1.364993E-01	3.731748E-03	
4.888884E-04	4.816016E+00	-2.117463E-01	2.819973E-02	
4.944440E-04	4.911823E+00	-3.132894E-01	1.785297E-02	
4.999995E-04	4.971239E+00	-3.822880E-01	-5.084377E-02	
5.055551E-04	5.022836E+00	-3.060868E-01	-1.039102E-01	
5.111106E-04	5.065164E+00	-1.842378E-01	-1.229093E-01	
5.166662E-04	5.029344E+00	-9.567310E-02	-9.220258E-02	
5.222217E-04	4.952640E+00	-6.111949E-02	-5.035218E-02	
5.277773E-04	4.882489E+00	-7.627555E-02	-5.002548E-02	
5.333328E-04	4.814472E+00	-8.945926E-02	-5.024206E-02	
5.388884E-04	4.748581E+00	-1.074402E-01	-5.312246E-02	
5.444439E-04	4.696984E+00	-1.076184E-01	-6.617332E-02	
5.499995E-04	4.697237E+00	-9.649860E-02	-8.215864E-02	
5.555550E-04	4.746787E+00	9.791342E-03	-1.079221E-01	
5.611105E-04	4.792914E+00	1.386679E-01	-1.164838E-01	
5.666661E-04	4.836728E+00	1.917764E-01	-5.445903E-02	
5.722216E-04	4.889307E+00	1.739555E-01	8.738087E-03	
5.777772E-04	4.954189E+00	5.383645E-02	-5.115613E-03	
5.833327E-04	4.975834E+00	-6.790071E-02	-3.000387E-02	
5.888883E-04	4.916934E+00	-1.074532E-01	-5.328973E-02	
5.944439E-04	4.850273E+00	-1.209161E-01	-5.266012E-02	
5.999994E-04	4.802362E+00	-1.414699E-01	-3.805974E-02	
6.055550E-04	4.736929E+00	-1.555412E-01	-3.752972E-02	
6.111105E-04	4.671678E+00	-1.695355E-01	-3.703739E-02	
6.166661E-04	4.689890E+00	-2.100100E-01	-1.536999E-02	
6.222216E-04	4.743155E+00	-2.833551E-01	8.286612E-03	
6.277772E-04	4.807982E+00	-4.137876E-01	-2.773856E-03	
6.333327E-04	4.893464E+00	-5.051720E-01	-6.885209E-02	
6.388883E-04	4.940390E+00	-4.725726E-01	-1.249645E-01	
6.444438E-04	4.989078E+00	-3.344923E-01	-1.238176E-01	
6.499994E-04	5.042693E+00	-1.991482E-01	-1.191248E-01	
6.555549E-04	5.011065E+00	-1.178591E-01	-7.814591E-02	
6.611105E-04	4.949053E+00	-7.591204E-02	-3.737859E-02	
6.666660E-04	4.896278E+00	-8.218993E-02	-4.895826E-02	
6.722215E-04	4.830252E+00	-9.826552E-02	-4.888725E-02	
6.777771E-04	4.764584E+00	-1.147030E-01	-4.895896E-02	
6.833326E-04	4.708958E+00	-1.238197E-01	-5.770943E-02	
6.888882E-04	4.697299E+00	-1.256767E-01	-7.520364E-02	
6.944437E-04	4.750473E+00	-4.005519E-02	-1.069389E-01	
6.999993E-04	4.808453E+00	6.682690E-02	-1.177815E-01	
7.055548E-04	4.856181E+00	1.225309E-01	-5.420115E-02	
7.111104E-04	4.910326E+00	1.070395E-01	9.077451E-03	
7.166660E-04	4.977640E+00	-2.812367E-02	-1.744838E-03	
7.222215E-04	5.000023E+00	-1.609804E-01	-2.257150E-02	
7.277771E-04	4.941225E+00	-2.030885E-01	-4.820204E-02	
7.333326E-04	4.875173E+00	-2.246599E-01	-5.170024E-02	
7.388882E-04	4.809390E+00	-2.428005E-01	-5.250536E-02	
7.444437E-04	4.743487E+00	-2.597204E-01	-5.239214E-02	
7.499993E-04	4.694417E+00	-2.845695E-01	-4.013498E-02	
7.555548E-04	4.641533E+00	-2.980519E-01	-4.094409E-02	
7.611104E-04	4.623930E+00	-3.211794E-01	-2.329969E-02	
7.666659E-04	4.690496E+00	-4.303675E-01	-7.263775E-03	
7.722215E-04	4.772272E+00	-5.313571E-01	-5.745086E-02	
7.777770E-04	4.816182E+00	-4.791245E-01	-8.517864E-02	
7.833325E-04	4.873743E+00	-3.700889E-01	-9.100953E-02	
7.888881E-04	4.927064E+00	-2.917782E-01	-1.246485E-01	
7.944436E-04	4.908838E+00	-2.126909E-01	-8.548380E-02	
7.999992E-04	4.866573E+00	-1.735196E-01	-3.908352E-02	
8.055547E-04	4.800680E+00	-1.900455E-01	-4.031233E-02	
8.111103E-04	4.735780E+00	-2.051374E-01	-4.172702E-02	
8.166658E-04	4.688956E+00	-2.113617E-01	-5.104446E-02	
8.222214E-04	4.686357E+00	-1.996954E-01	-8.526307E-02	
8.277769E-04	4.726244E+00	-1.257091E-01	-8.642089E-02	
8.333325E-04	4.786674E+00	-1.867882E-02	-8.810232E-02	
8.388881E-04	4.848035E+00	5.038163E-02	-1.154147E-01	
8.444436E-04	4.898387E+00	1.499935E-01	-1.059836E-01	
8.499992E-04	4.955008E+00	2.233889E-01	-6.081585E-02	
8.555547E-04	5.016437E+00	1.311591E-01	-6.982647E-03	
8.611103E-04	5.039793E+00	3.955304E-03	-6.127296E-03	
8.666658E-04	4.988338E+00	-4.074326E-02	-4.586012E-02	
8.722214E-04	4.921663E+00	-6.679582E-02	-5.374649E-02	
8.777769E-04	4.855711E+00	-8.207818E-02	-5.385991E-02	
8.833325E-04	4.789953E+00	-9.707726E-02	-5.399568E-02	
8.888880E-04	4.724348E+00	-1.119022E-01	-5.391947E-02	
8.944435E-04	4.662625E+00	-1.248385E-01	-5.725939E-02	
8.999991E-04	4.652213E+00	-1.622484E-01	-2.884080E-02	
9.055546E-04	4.732240E+00	-2.846481E-01	-1.364925E-02	
9.111102E-04	4.806035E+00	-4.107552E-01	-5.215169E-02	
9.166657E-04	4.833501E+00	-3.947536E-01	-7.617379E-02	
9.222213E-04	4.895952E+00	-3.138899E-01	-9.032440E-02	
9.277768E-04	4.956210E+00	-2.119985E-01	-9.353209E-02	
9.333324E-04	4.951018E+00	-1.359749E-01	-5.606625E-02	
9.388879E-04	4.900368E+00	-1.218881E-01	-5.248781E-02	
9.444435E-04	4.832337E+00	-1.377901E-01	-5.217944E-02	
9.499991E-04	4.779074E+00	-1.635563E-01	-3.934230E-02	
9.555546E-04	4.733656E+00	-1.706659E-01	-5.438667E-02	
9.611102E-04	4.721570E+00	-1.700830E-01	-8.399499E-02	
9.666657E-04	4.753213E+00	-1.222625E-01	-8.040262E-02	
9.722213E-04	4.816913E+00	-4.052563E-02	-8.528671E-02	
9.777768E-04	4.884995E+00	4.763302E-02	-8.308743E-02	
9.833323E-04	4.947521E+00	1.314175E-01	-7.465173E-02	
9.888879E-04	5.044358E+00	1.304617E-01	-2.843891E-02	
9.944435E-04	5.106542E+00	2.777920E-02	3.116986E-02	
9.999990E-04	5.091912E+00	-8.239399E-02	7.597225E-03	
1.005555E-03	5.016921E+00	-1.460249E-01	-2.470194E-02	
1.011110E-03	4.944941E+00	-1.810475E-01	-3.671215E-02	
1.016666E-03	4.893595E+00	-1.911004E-01	-5.094359E-02	
1.022221E-03	4.822351E+00	-2.089969E-01	-5.065007E-02	
1.027777E-03	4.752287E+00	-2.261392E-01	-5.012991E-02	
1.033332E-03	4.689193E+00	-2.401398E-01	-5.316689E-02	
1.038888E-03	4.692822E+00	-2.922905E-01	-7.988571E-03	
1.044443E-03	4.760686E+00	-3.737922E-01	-4.135833E-02	
1.049999E-03	4.812824E+00	-3.995936E-01	-1.082968E-01	
1.055555E-03	4.889800E+00	-3.221685E-01	-1.054772E-01	
1.061110E-03	4.968099E+00	-2.467080E-01	-1.023473E-01	
1.066666E-03	5.013678E+00	-1.849988E-01	-7.854724E-02	
1.072221E-03	5.027294E+00	-1.276686E-01	-4.397829E-02	
1.077777E-03	4.985575E+00	-1.171524E-01	-4.365937E-02	
1.083332E-03	4.919701E+00	-1.338389E-01	-4.162506E-02	
1.088888E-03	4.855135E+00	-1.491339E-01	-3.910614E-02	
1.094443E-03	4.807178E+00	-1.609605E-01	-5.139116E-02	
1.099999E-03	4.806030E+00	-1.789864E-01	-6.605459E-02	
1.105554E-03	4.880754E+00	-1.447650E-01	-8.673164E-02	
1.111110E-03	4.958759E+00	-9.360362E-02	-9.386640E-02	
1.116666E-03	5.009285E+00	-4.526655E-02	-7.023276E-02	
1.122221E-03	5.086855E+00	1.138263E-02	-6.652377E-02	
1.127777E-03	5.172692E+00	-3.587185E-03	-4.653698E-02	
1.133332E-03	5.174698E+00	-8.076603E-02	-1.687812E-02	
1.138888E-03	5.109698E+00	-1.226696E-01	-3.822015E-02	
1.144443E-03	5.043831E+00	-1.428418E-01	-3.928187E-02	
1.149999E-03	4.989874E+00	-1.721000E-01	-2.889319E-02	
1.155554E-03	4.925301E+00	-1.912339E-01	-2.877390E-02	
1.161110E-03	4.860948E+00	-2.103390E-01	-2.858267E-02	
1.166665E-03	4.815644E+00	-2.243437E-01	-4.181654E-02	
1.172221E-03	4.754155E+00	-2.436583E-01	-4.290354E-02	
1.177777E-03	4.751535E+00	-3.317402E-01	-1.495826E-02	
1.183332E-03	4.811252E+00	-4.348130E-01	-4.525701E-02	
1.188888E-03	4.864143E+00	-4.584344E-01	-8.754111E-02	
1.194443E-03	4.943411E+00	-4.097349E-01	-8.802834E-02	
1.199999E-03	5.020196E+00	-3.575037E-01	-9.186640E-02	
1.205554E-03	5.078800E+00	-3.123920E-01	-7.620931E-02	
1.211110E-03	5.103165E+00	-2.691337E-01	-4.824635E-02	
1.216665E-03	5.063025E+00	-2.598065E-01	-4.402467E-02	
1.222221E-03	5.000254E+00	-2.731129E-01	-3.849468E-02	
1.227777E-03	4.936187E+00	-2.940261E-01	-3.812318E-02	
1.233332E-03	4.882979E+00	-3.118121E-01	-4.572560E-02	
1.238888E-03	4.877889E+00	-3.362311E-01	-4.864547E-02	
1.244443E-03	4.950967E+00	-3.247326E-01	-7.076613E-02	
1.249999E-03	5.025537E+00	-2.947783E-01	-8.487317E-02	
1.255554E-03	5.108971E+00	-2.546202E-01	-8.584301E-02	
1.261110E-03	5.193341E+00	-2.143657E-01	-8.563244E-02	
1.266665E-03	5.246231E+00	-1.808470E-01	-6.602389E-02	
1.272221E-03	5.266511E+00	-1.466092E-01	-3.630434E-02	
1.277777E-03	5.228632E+00	-1.439915E-01	-3.771257E-02	
1.283332E-03	5.164442E+00	-1.633328E-01	-3.522558E-02	
1.288888E-03	5.101862E+00	-1.794439E-01	-2.978353E-02	
1.294443E-03	5.037292E+00	-2.023522E-01	-2.938711E-02	
1.299999E-03	4.981177E+00	-2.344113E-01	-1.976566E-02	
1.305554E-03	4.916986E+00	-2.567689E-01	-2.108526E-02	
1.311110E-03	4.853344E+00	-2.772128E-01	-2.268613E-02	
1.316665E-03	4.812279E+00	-2.937285E-01	-3.275795E-02	
1.322221E-03	4.812841E+00	-3.111837E-01	-5.960973E-02	
1.327776E-03	4.870967E+00	-3.043786E-01	-5.705822E-02	
1.333332E-03	4.955266E+00	-2.788143E-01	-5.834345E-02	
1.338888E-03	5.034100E+00	-2.735102E-01	-7.263652E-02	
1.344443E-03	5.103079E+00	-2.529656E-01	-6.002631E-02	
1.349999E-03	5.131714E+00	-2.238413E-01	-4.230779E-02	
1.355554E-03	5.073391E+00	-2.227968E-01	-2.396859E-02	
1.361110E-03	5.009930E+00	-2.365176E-01	-1.790698E-02	
1.366665E-03	4.964041E+00	-2.523089E-01	-3.310213E-02	
1.372221E-03	4.904512E+00	-2.694878E-01	-3.704526E-02	
1.377776E-03	4.895076E+00	-2.925210E-01	-3.062069E-02	
1.383332E-03	4.967999E+00	-2.983769E-01	-5.458168E-02	
1.388887E-03	5.048211E+00	-3.003307E-01	-6.709761E-02	
1.394443E-03	5.135480E+00	-2.852149E-01	-6.571864E-02	
1.399999E-03	5.216713E+00	-2.639111E-01	-7.139871E-02	
1.405554E-03	5.281550E+00	-2.559560E-01	-5.602832E-02	
1.411110E-03	5.309979E+00	-2.432559E-01	-3.048114E-02	
1.416665E-03	5.269261E+00	-2.433417E-01	-3.178299E-02	
1.422221E-03	5.203687E+00	-2.595919E-01	-2.915421E-02	
1.427776E-03	5.136787E+00	-2.796446E-01	-2.910381E-02	
1.433332E-03	5.069797E+00	-2.995027E-01	-2.901015E-02	
1.438887E-03	5.006064E+00	-3.117163E-01	-2.297263E-02	
1.444443E-03	4.939545E+00	-3.314882E-01	-2.308735E-02	
1.449999E-03	4.880641E+00	-3.606597E-01	-1.458753E-02	
1.455554E-03	4.840432E+00	-3.248047E-01	-6.665643E-02	
1.461110E-03	4.851087E+00	-2.581451E-01	-9.907244E-02	
1.466665E-03	4.923624E+00	-2.259671E-01	-5.146499E-02	
1.472221E-03	5.012894E+00	-2.165742E-01	-4.333651E-02	
1.477776E-03	5.099357E+00	-2.178446E-01	-4.283751E-02	
1.483332E-03	5.175974E+00	-2.207548E-01	-3.431117E-02	
1.488887E-03	5.197324E+00	-2.135932E-01	-4.278939E-02	
1.494443E-03	5.139327E+00	-2.140758E-01	-2.294904E-02	
1.499999E-03	5.081321E+00	-2.345108E-01	-6.400561E-03	
1.505554E-03	5.011862E+00	-2.556314E-01	-6.407819E-03	
1.511110E-03	4.942439E+00	-2.764915E-01	-6.466381E-03	
1.516665E-03	4.942791E+00	-3.110726E-01	-1.351718E-02	
1.522221E-03	5.009291E+00	-3.406251E-01	-3.893778E-02	
1.527776E-03	5.092651E+00	-3.520360E-01	-3.877335E-02	
1.533332E-03	5.178797E+00	-3.635288E-01	-3.980196E-02	
1.538887E-03	5.242788E+00	-3.618691E-01	-7.140699E-02	
1.544443E-03	5.249495E+00	-3.142334E-01	-8.779903E-02	
1.549998E-03	5.240899E+00	-2.476920E-01	-6.454112E-02	
1.555554E-03	5.197051E+00	-2.129669E-01	-2.035953E-02	
1.561110E-03	5.136270E+00	-2.133530E-01	-3.797991E-03	
1.566665E-03	5.087499E+00	-2.336779E-01	-1.945746E-02	
1.572221E-03	5.016691E+00	-2.552304E-01	-1.946403E-02	
1.577776E-03	4.944861E+00	-2.763845E-01	-1.966036E-02	
1.583332E-03	4.873728E+00	-2.969999E-01	-2.112453E-02	
1.588887E-03	4.798282E+00	-2.890350E-01	-2.930990E-02	
1.594443E-03	4.748010E+00	-2.579439E-01	-8.368728E-02	
1.599998E-03	4.768514E+00	-2.316345E-01	-9.690732E-02	
1.605554E-03	4.879125E+00	-2.165608E-01	-6.691361E-02	
1.611109E-03	4.978389E+00	-2.259793E-01	-5.537587E-02	
1.616665E-03	5.042196E+00	-2.529389E-01	-3.396050E-02	
1.622221E-03	5.130135E+00	-2.804770E-01	-2.931306E-02	
1.627776E-03	5.164017E+00	-2.861656E-01	-3.920544E-02	
1.633332E-03	5.108293E+00	-2.906330E-01	-1.669169E-02	
1.638887E-03	5.042575E+00	-3.004957E-01	-9.341736E-03	
1.644443E-03	4.973787E+00	-3.186060E-01	-1.044751E-02	
1.649998E-03	4.911571E+00	-3.453772E-01	-3.090804E-03	
1.655554E-03	4.936739E+00	-3.859861E-01	-2.825471E-02	
1.661109E-03	5.004099E+00	-4.310273E-01	-5.328953E-02	
1.666665E-03	5.068439E+00	-4.659765E-01	-3.119891E-02	
1.672221E-03	5.163470E+00	-5.025045E-01	-3.060335E-02	
1.677776E-03	5.246148E+00	-5.198807E-01	-4.799624E-02	
1.683332E-03	5.269368E+00	-5.003627E-01	-6.904401E-02	
1.688887E-03	5.247436E+00	-4.021623E-01	-1.189622E-01	
1.694443E-03	5.238593E+00	-2.619042E-01	-7.189722E-02	
1.699998E-03	5.229162E+00	-2.066181E-01	3.014610E-05	
1.705554E-03	5.161009E+00	-2.247593E-01	-3.080672E-04	
1.711109E-03	5.093164E+00	-2.426916E-01	-5.691483E-04	
1.716665E-03	5.046823E+00	-2.616298E-01	-1.537561E-02	
1.722221E-03	4.979892E+00	-2.798313E-01	-1.551287E-02	
1.727776E-03	4.906059E+00	-2.847143E-01	-2.631838E-02	
1.733332E-03	4.844335E+00	-2.674061E-01	-7.228040E-02	
1.738887E-03	4.809519E+00	-1.902488E-01	-1.073502E-01	
1.744443E-03	4.888055E+00	-8.137788E-02	-8.401859E-02	
1.749998E-03	4.998605E+00	-5.269246E-02	-4.677506E-02	
1.755554E-03	5.090422E+00	-9.963590E-02	-4.748956E-02	
1.761109E-03	5.183087E+00	-1.472136E-01	-4.736784E-02	
1.766665E-03	5.196962E+00	-1.637662E-01	-3.748212E-02	
1.772220E-03	5.147265E+00	-1.705424E-01	-1.272751E-02	
1.777776E-03	5.079708E+00	-1.884284E-01	-1.246340E-02	
1.783332E-03	5.012716E+00	-2.063497E-01	-1.245834E-02	
1.788887E-03	4.958991E+00	-2.275890E-01	6.207528E-03	
1.794443E-03	4.974225E+00	-2.780963E-01	-1.726922E-02	
1.799998E-03	5.028541E+00	-3.345116E-01	-4.408268E-02	
1.805554E-03	5.120020E+00	-3.929957E-01	-4.456896E-02	
1.811109E-03	5.211791E+00	-4.511889E-01	-4.537058E-02	
1.816665E-03	5.267153E+00	-4.899401E-01	-3.544497E-02	
1.822220E-03	5.297155E+00	-4.879410E-01	-5.289446E-02	
1.827776E-03	5.310341E+00	-3.461124E-01	-7.406757E-02	
1.833331E-03	5.312937E+00	-2.037721E-01	-3.131900E-02	
1.838887E-03	5.279297E+00	-1.830325E-01	-5.786658E-04	
1.844443E-03	5.211169E+00	-2.018513E-01	-1.018111E-03	
1.849998E-03	5.146767E+00	-2.284039E-01	4.502348E-03	
1.855554E-03	5.079386E+00	-2.481176E-01	4.622261E-03	
1.861109E-03	5.011773E+00	-2.674830E-01	3.814633E-03	
1.866665E-03	4.961677E+00	-2.765808E-01	-1.896170E-02	
1.872220E-03	4.902051E+00	-2.608173E-01	-5.834308E-02	
1.877776E-03	4.895985E+00	-1.408243E-01	-6.330781E-02	
1.883331E-03	4.976598E+00	-4.035728E-02	-4.586492E-02	
1.888887E-03	5.068763E+00	-8.999585E-02	-2.256979E-02	
1.894443E-03	5.159418E+00	-1.589386E-01	-2.192457E-02	
1.899998E-03	5.240538E+00	-2.056733E-01	-3.955261E-02	
1.905554E-03	5.240201E+00	-2.357132E-01	-1.521636E-02	
1.911109E-03	5.197726E+00	-2.517357E-01	9.218029E-03	
1.916665E-03	5.149515E+00	-2.740057E-01	-6.415029E-03	
1.922220E-03	5.081426E+00	-2.915159E-01	-7.784081E-03	
1.927776E-03	5.014786E+00	-3.069100E-01	-7.659166E-03	
1.933331E-03	4.959530E+00	-3.240082E-01	-1.565170E-02	
1.938887E-03	4.958070E+00	-3.840530E-01	1.135120E-03	
1.944443E-03	5.034612E+00	-4.706707E-01	-1.311992E-02	
1.949998E-03	5.109100E+00	-5.294791E-01	-3.754034E-02	
1.955554E-03	5.122305E+00	-5.071693E-01	-5.794657E-02	
1.961109E-03	5.117398E+00	-4.184197E-01	-7.832898E-02	
1.966665E-03	5.144836E+00	-2.592552E-01	-7.340119E-02	
1.972220E-03	5.158280E+00	-1.206776E-01	-3.428883E-02	
1.977776E-03	5.123918E+00	-1.070127E-01	-1.007383E-02	
1.983331E-03	5.060380E+00	-1.177743E-01	-5.326614E-03	
1.988887E-03	5.001619E+00	-1.234496E-01	4.603520E-03	
1.994442E-03	4.934063E+00	-1.392446E-01	4.674892E-03	
1.999998E-03	4.868823E+00	-1.615855E-01	9.714970E-03	
2.005554E-03	4.817329E+00	-1.239256E-01	-3.219962E-02	
2.011109E-03	4.790216E+00	-3.893125E-02	-7.366042E-02	
2.016665E-03	4.825136E+00	1.039537E-01	-6.290350E-02	
2.022220E-03	4.906485E+00	1.955967E-01	-4.499262E-02	
2.027776E-03	4.994356E+00	1.321909E-01	-1.250419E-02	
2.033331E-03	5.082983E+00	4.607190E-02	-9.723423E-03	
2.038887E-03	5.162913E+00	-3.053634E-02	-2.194444E-02	
2.044442E-03	5.167090E+00	-7.195327E-02	1.589995E-03	
2.049998E-03	5.126102E+00	-8.029273E-02	1.533154E-02	
2.055554E-03	5.055470E+00	-9.706678E-02	1.544959E-02	
2.061109E-03	4.984959E+00	-1.135920E-01	1.552285E-02	
2.066665E-03	4.935509E+00	-1.354617E-01	5.208765E-04	
2.072220E-03	4.871050E+00	-1.532627E-01	-3.480747E-03	
2.077776E-03	4.852175E+00	-2.228993E-01	1.234967E-02	
2.083331E-03	4.918929E+00	-3.275738E-01	-6.320493E-03	
2.088887E-03	4.992191E+00	-3.940212E-01	-3.285231E-02	
2.094442E-03	5.007987E+00	-3.977893E-01	-5.123336E-02	
2.099998E-03	5.009740E+00	-3.375960E-01	-6.629844E-02	
2.105553E-03	5.032588E+00	-1.853403E-01	-5.720990E-02	
2.111109E-03	5.054142E+00	-5.527704E-02	-2.477562E-02	
2.116665E-03	5.037862E+00	-4.513997E-02	-7.002921E-03	
2.122220E-03	4.977494E+00	-5.223763E-02	2.086235E-03	
2.127776E-03	4.908064E+00	-6.825936E-02	2.066631E-03	
2.133331E-03	4.838171E+00	-8.334065E-02	2.200194E-03	
2.138887E-03	4.775215E+00	-6.773635E-02	-1.240591E-03	
2.144442E-03	4.721540E+00	-3.960403E-02	-4.233160E-02	
2.149998E-03	4.700941E+00	7.735873E-03	-6.474256E-02	
2.155553E-03	4.737266E+00	1.585015E-01	-6.441577E-02	
2.161109E-03	4.774914E+00	3.081459E-01	-6.408740E-02	
2.166664E-03	4.849120E+00	3.384654E-01	-2.091559E-02	
2.172220E-03	4.968959E+00	2.884960E-01	-2.169401E-03	
2.177776E-03	5.052000E+00	1.855771E-01	-1.044932E-02	
2.183331E-03	5.065335E+00	1.252630E-01	1.323260E-02	
2.188887E-03	5.032343E+00	1.195186E-01	1.749703E-02	
2.194442E-03	4.963084E+00	1.041238E-01	1.663123E-02	
2.199998E-03	4.895714E+00	8.456073E-02	1.916153E-02	
2.205553E-03	4.829893E+00	7.074952E-02	1.883842E-02	
2.211109E-03	4.764534E+00	5.692993E-02	1.854862E-02	
2.216664E-03	4.760062E+00	-2.256850E-02	2.299044E-02	
2.222220E-03	4.830026E+00	-1.445693E-01	1.299960E-03	
2.227776E-03	4.911275E+00	-2.442933E-01	-1.802845E-02	
2.233331E-03	4.934840E+00	-2.787101E-01	-3.478839E-02	
2.238887E-03	4.937495E+00	-1.835907E-01	-9.179622E-02	
2.244442E-03	4.973748E+00	-4.017995E-02	-8.806835E-02	
2.249998E-03	5.014452E+00	3.537534E-02	-2.843197E-02	
2.255553E-03	4.987641E+00	5.289756E-02	7.139702E-03	
2.261109E-03	4.936450E+00	5.014987E-02	2.012612E-02	
2.266664E-03	4.889323E+00	2.747098E-02	6.463461E-03	
2.272220E-03	4.825160E+00	1.155737E-02	6.193887E-03	
2.277776E-03	4.759686E+00	8.838278E-03	-3.476681E-03	
2.283331E-03	4.707196E+00	2.295316E-02	-4.171052E-02	
2.288887E-03	4.692220E+00	1.133991E-01	-8.822926E-02	
2.294442E-03	4.738564E+00	2.450027E-01	-8.779690E-02	
2.299998E-03	4.791378E+00	3.315338E-01	-5.578335E-02	
2.305553E-03	4.897270E+00	3.406475E-01	-3.926100E-02	
2.311109E-03	5.011633E+00	2.807253E-01	-2.288468E-02	
2.316664E-03	5.056618E+00	1.716456E-01	-2.484382E-03	
2.322220E-03	5.075334E+00	9.521301E-02	1.931199E-02	
2.327775E-03	5.041372E+00	7.402449E-02	8.788547E-03	
2.333331E-03	4.977993E+00	5.800172E-02	9.977213E-03	
2.338887E-03	4.926720E+00	5.031300E-02	2.190173E-02	
2.344442E-03	4.862521E+00	3.290777E-02	2.179946E-02	
2.349998E-03	4.798678E+00	1.377164E-02	2.301941E-02	
2.355553E-03	4.815420E+00	-8.401777E-02	1.680079E-03	
2.361109E-03	4.867719E+00	-2.144003E-01	-2.016188E-02	
2.366664E-03	4.906638E+00	-3.204425E-01	-6.579833E-03	
2.372220E-03	4.933170E+00	-3.747626E-01	-1.926326E-02	
2.377775E-03	4.978679E+00	-2.712698E-01	-5.256865E-02	
2.383331E-03	5.024942E+00	-1.466664E-01	-5.354904E-02	
2.388887E-03	5.040516E+00	-9.983331E-02	-3.020306E-02	
2.394442E-03	5.021706E+00	-8.136542E-02	6.200708E-03	
2.399998E-03	4.977518E+00	-8.657406E-02	2.477199E-02	
2.405553E-03	4.912897E+00	-1.046521E-01	2.484547E-02	
2.411109E-03	4.848357E+00	-1.227351E-01	2.515016E-02	
2.416664E-03	4.799089E+00	-1.382340E-01	5.202064E-03	
2.422220E-03	4.746396E+00	-1.278307E-01	-2.890735E-02	
2.427775E-03	4.766412E+00	-2.282110E-02	-4.956558E-02	
2.433331E-03	4.818743E+00	9.446805E-02	-5.312205E-02	
2.438886E-03	4.894267E+00	1.843428E-01	-1.126408E-02	
2.444442E-03	5.039101E+00	2.047542E-01	3.250530E-02	
2.449998E-03	5.138607E+00	1.173706E-01	3.650791E-02	
2.455553E-03	5.135740E+00	4.927498E-02	6.214860E-02	
2.461109E-03	5.090431E+00	1.531689E-02	8.357880E-02	
2.466664E-03	5.042688E+00	-1.115351E-02	7.289444E-02	
2.472220E-03	4.978605E+00	-2.826961E-02	7.399641E-02	
2.477775E-03	4.915434E+00	-4.262364E-02	7.437714E-02	
2.483331E-03	4.854074E+00	-5.617021E-02	7.563329E-02	
2.488886E-03	4.793364E+00	-9.097385E-02	9.237984E-02	
2.494442E-03	4.802613E+00	-1.923127E-01	7.048286E-02	
2.499998E-03	4.851331E+00	-3.108800E-01	3.787119E-02	
2.505553E-03	4.863533E+00	-3.470110E-01	1.783806E-02	
2.511109E-03	4.887005E+00	-3.022560E-01	9.865475E-03	
2.516664E-03	4.944487E+00	-2.000663E-01	3.875810E-03	
2.522220E-03	4.999345E+00	-9.716569E-02	1.986129E-04	
2.527775E-03	5.054183E+00	-8.192514E-03	4.838709E-03	
2.533331E-03	5.094995E+00	6.798220E-02	3.712978E-02	
2.538886E-03	5.083511E+00	7.555893E-02	7.334497E-02	
2.544442E-03	5.020205E+00	5.956130E-02	7.457220E-02	
2.549997E-03	4.956896E+00	4.401591E-02	7.561511E-02	
2.555553E-03	4.899220E+00	2.878372E-02	6.947714E-02	
2.561109E-03	4.849076E+00	3.073155E-02	4.285845E-02	
2.566664E-03	4.865499E+00	1.023844E-01	2.587915E-03	
2.572220E-03	4.921803E+00	1.971970E-01	-1.937568E-03	
2.577775E-03	4.977891E+00	2.625146E-01	1.557570E-02	
2.583331E-03	5.080498E+00	2.459208E-01	2.431877E-02	
2.588886E-03	5.167299E+00	1.103414E-01	4.641156E-02	
2.594442E-03	5.168118E+00	2.394948E-02	7.371180E-02	
2.599997E-03	5.128911E+00	7.816593E-03	7.574773E-02	
2.605553E-03	5.062848E+00	-9.134160E-03	7.697051E-02	
2.611108E-03	4.996730E+00	-2.590820E-02	7.821455E-02	
2.616664E-03	4.945281E+00	-5.276699E-02	6.714525E-02	
2.622220E-03	4.879585E+00	-6.979212E-02	6.821242E-02	
2.627775E-03	4.812615E+00	-1.042589E-01	8.164569E-02	
2.633331E-03	4.808482E+00	-2.127050E-01	5.926540E-02	
2.638886E-03	4.845298E+00	-3.586994E-01	3.804644E-02	
2.644442E-03	4.860478E+00	-4.223923E-01	2.369242E-02	
2.649997E-03	4.889745E+00	-3.915606E-01	9.743643E-03	
2.655553E-03	4.948787E+00	-3.035058E-01	5.694157E-03	
2.661108E-03	5.008371E+00	-2.166828E-01	1.318082E-03	
2.666664E-03	5.070098E+00	-1.423351E-01	1.573571E-03	
2.672220E-03	5.115088E+00	-7.823527E-02	3.016865E-02	
2.677775E-03	5.097312E+00	-8.136655E-02	6.109385E-02	
2.683331E-03	5.030368E+00	-9.960975E-02	6.311310E-02	
2.688886E-03	4.965266E+00	-1.157761E-01	6.712766E-02	
2.694442E-03	4.900134E+00	-1.357158E-01	6.383561E-02	
2.699997E-03	4.846247E+00	-1.372135E-01	3.832127E-02	
2.705553E-03	4.866018E+00	-7.645078E-02	-9.139980E-04	
2.711108E-03	4.929944E+00	7.861564E-04	-7.124368E-03	
2.716664E-03	4.998085E+00	7.405186E-02	-9.906297E-03	
2.722220E-03	5.073251E+00	1.400277E-01	-1.769241E-02	
2.727775E-03	5.154634E+00	8.977164E-02	2.249730E-02	
2.733331E-03	5.195462E+00	1.459319E-02	6.107243E-02	
2.738886E-03	5.166089E+00	-1.474396E-02	6.045250E-02	
2.744442E-03	5.100908E+00	-3.708788E-02	6.195641E-02	
2.749997E-03	5.035886E+00	-5.372807E-02	5.926743E-02	
2.755553E-03	4.971667E+00	-7.317129E-02	5.919066E-02	
2.761108E-03	4.908934E+00	-9.202213E-02	6.005096E-02	
2.766664E-03	4.858329E+00	-1.207564E-01	5.059869E-02	
2.772219E-03	4.802619E+00	-1.449161E-01	4.630092E-02	
2.777775E-03	4.769755E+00	-2.311626E-01	4.457457E-02	
2.783331E-03	4.782035E+00	-3.170415E-01	1.509282E-02	
2.788886E-03	4.834285E+00	-2.811621E-01	-2.466681E-02	
2.794442E-03	4.908535E+00	-2.246722E-01	-2.790501E-02	
2.799997E-03	4.978180E+00	-1.967173E-01	-1.123517E-02	
2.805553E-03	5.046041E+00	-1.392462E-01	-5.928452E-03	
2.811108E-03	5.103407E+00	-9.257587E-02	1.946492E-02	
2.816664E-03	5.097741E+00	-1.061635E-01	4.462138E-02	
2.822219E-03	5.037047E+00	-1.253610E-01	4.691237E-02	
2.827775E-03	4.974713E+00	-1.456551E-01	4.833460E-02	
2.833331E-03	4.915827E+00	-1.688762E-01	4.662102E-02	
2.838886E-03	4.876953E+00	-1.528401E-01	7.867991E-03	
2.844442E-03	4.904610E+00	-1.215175E-01	-2.715724E-02	
2.849997E-03	4.971111E+00	-9.968598E-02	-1.384610E-02	
2.855553E-03	5.046851E+00	-5.397558E-02	-1.592716E-02	
2.861108E-03	5.122071E+00	-8.181095E-03	-1.876309E-02	
2.866664E-03	5.193115E+00	-6.335342E-02	2.290785E-02	
2.872219E-03	5.237299E+00	-1.483170E-01	5.361704E-02	
2.877775E-03	5.212621E+00	-1.843978E-01	4.624789E-02	
2.883330E-03	5.149754E+00	-2.051009E-01	4.746345E-02	
2.888886E-03	5.089772E+00	-2.255532E-01	5.109494E-02	
2.894442E-03	5.027346E+00	-2.472190E-01	5.210012E-02	
2.899997E-03	4.966607E+00	-2.627089E-01	4.875879E-02	
2.905553E-03	4.904713E+00	-2.848207E-01	4.966619E-02	
2.911108E-03	4.842971E+00	-3.074240E-01	5.076691E-02	
2.916664E-03	4.809269E+00	-3.070984E-01	1.007998E-02	
2.922219E-03	4.833850E+00	-2.876784E-01	-2.168525E-02	
2.927775E-03	4.910691E+00	-2.468304E-01	-2.447610E-02	
2.933330E-03	4.988998E+00	-2.079855E-01	-2.774593E-02	
2.938886E-03	5.063065E+00	-1.725341E-01	-3.348001E-02	
2.944441E-03	5.138302E+00	-1.330402E-01	-3.172336E-02	
2.949997E-03	5.194998E+00	-1.257893E-01	6.160293E-03	
2.955553E-03	5.178939E+00	-1.378500E-01	4.148191E-02	
2.961108E-03	5.118394E+00	-1.606758E-01	4.442745E-02	
2.966664E-03	5.063702E+00	-1.937858E-01	3.686758E-02	
2.972219E-03	5.001148E+00	-2.176919E-01	3.613288E-02	
2.977775E-03	4.962304E+00	-2.079659E-01	1.766213E-03	
2.983330E-03	4.993132E+00	-1.939111E-01	-3.138249E-02	
2.988886E-03	5.069445E+00	-1.662579E-01	-3.680249E-02	
2.994441E-03	5.151133E+00	-1.396961E-01	-3.953722E-02	
2.999997E-03	5.226096E+00	-1.353475E-01	-2.688720E-02	
3.005553E-03	5.275533E+00	-1.213856E-01	1.358854E-02	
3.011108E-03	5.267390E+00	-1.240300E-01	4.134719E-02	
3.016664E-03	5.210675E+00	-1.574228E-01	3.407809E-02	
3.022219E-03	5.145436E+00	-1.817491E-01	3.565187E-02	
3.027775E-03	5.079959E+00	-2.035492E-01	3.589018E-02	
3.033330E-03	5.014605E+00	-2.226780E-01	3.661907E-02	
3.038886E-03	4.953799E+00	-2.407197E-01	4.039886E-02	
3.044441E-03	4.890082E+00	-2.597544E-01	4.138851E-02	
3.049997E-03	4.829125E+00	-2.717192E-01	3.723160E-02	
3.055552E-03	4.797517E+00	-2.852453E-01	-3.519436E-03	
3.061108E-03	4.821519E+00	-2.863587E-01	-3.242408E-02	
3.066664E-03	4.894698E+00	-2.654983E-01	-2.854502E-02	
3.072219E-03	4.975039E+00	-2.539620E-01	-3.158745E-02	
3.077775E-03	5.055379E+00	-2.439858E-01	-3.454607E-02	
3.083330E-03	5.132250E+00	-2.307959E-01	-3.453539E-02	
3.088886E-03	5.184289E+00	-2.439320E-01	-1.345756E-03	
3.094441E-03	5.168534E+00	-2.542015E-01	3.263220E-02	
3.099997E-03	5.109517E+00	-2.662741E-01	3.047120E-02	
3.105552E-03	5.043914E+00	-2.871092E-01	3.172767E-02	
3.111108E-03	4.978453E+00	-3.077479E-01	3.304912E-02	
3.116664E-03	4.942661E+00	-3.187352E-01	-3.186176E-03	
3.122219E-03	4.971467E+00	-3.302463E-01	-3.523435E-02	
3.127775E-03	5.052732E+00	-3.293524E-01	-3.768186E-02	
3.133330E-03	5.133891E+00	-3.299345E-01	-4.017619E-02	
3.138886E-03	5.218292E+00	-3.114222E-01	-6.170473E-02	
3.144441E-03	5.270692E+00	-2.046306E-01	-4.276106E-02	
3.149997E-03	5.274083E+00	-1.375182E-01	7.244655E-03	
3.155552E-03	5.230583E+00	-1.567851E-01	2.641371E-02	
3.161108E-03	5.163841E+00	-1.785014E-01	2.896260E-02	
3.166664E-03	5.102493E+00	-2.101175E-01	2.204956E-02	
3.172219E-03	5.034187E+00	-2.321220E-01	2.330718E-02	
3.177775E-03	4.965893E+00	-2.540711E-01	2.473761E-02	
3.183330E-03	4.897891E+00	-2.759069E-01	2.609513E-02	
3.188886E-03	4.846445E+00	-2.685432E-01	8.406648E-03	
3.194441E-03	4.785091E+00	-1.930663E-01	-1.280498E-02	
3.199997E-03	4.751459E+00	-1.328647E-01	-2.277799E-02	
3.205552E-03	4.808010E+00	-1.432720E-01	-4.182497E-02	
3.211108E-03	4.886324E+00	-1.531266E-01	-4.561995E-02	
3.216663E-03	4.958878E+00	-1.541051E-01	-3.878333E-02	
3.222219E-03	5.039056E+00	-1.666373E-01	-4.032430E-02	
3.227775E-03	5.094062E+00	-1.972034E-01	-1.121129E-02	
3.233330E-03	5.076757E+00	-2.116227E-01	2.157633E-02	
3.238886E-03	5.010725E+00	-2.340994E-01	2.564608E-02	
3.244441E-03	4.940837E+00	-2.563165E-01	2.794354E-02	
3.249997E-03	4.875524E+00	-2.666637E-01	2.098981E-02	
3.255552E-03	4.841916E+00	-2.948469E-01	-2.322142E-02	
3.261108E-03	4.869446E+00	-3.226378E-01	-5.363413E-02	
3.266663E-03	4.973361E+00	-3.286073E-01	-2.637852E-02	
3.272219E-03	5.092659E+00	-3.505203E-01	-7.499265E-03	
3.277775E-03	5.188686E+00	-3.618583E-01	-2.103132E-02	
3.283330E-03	5.223483E+00	-2.829590E-01	-1.681681E-02	
3.288886E-03	5.180145E+00	-2.312608E-01	-4.685089E-03	
3.294441E-03	5.116837E+00	-2.465249E-01	-7.053240E-03	
3.299997E-03	5.053104E+00	-2.578391E-01	-1.381430E-02	
3.305552E-03	4.984645E+00	-2.769828E-01	-1.231131E-02	
3.311108E-03	4.918312E+00	-2.948275E-01	-1.012468E-02	
3.316663E-03	4.858425E+00	-3.213398E-01	-1.617937E-02	
3.322219E-03	4.792689E+00	-3.346987E-01	-1.046612E-02	
3.327774E-03	4.778893E+00	-2.478603E-01	-3.609191E-02	
3.333330E-03	4.781509E+00	-8.671026E-02	-3.801200E-02	
3.338886E-03	4.806807E+00	-7.472931E-03	-1.207067E-02	
3.344441E-03	4.894508E+00	-3.766195E-02	-2.038836E-02	
3.349997E-03	4.977193E+00	-8.238919E-02	-1.649718E-02	
3.355552E-03	5.065255E+00	-1.211237E-01	-1.942512E-02	
3.361108E-03	5.151248E+00	-1.599910E-01	-2.412781E-02	
3.366663E-03	5.159623E+00	-1.871545E-01	-1.814795E-02	
3.372219E-03	5.096731E+00	-1.999632E-01	-2.179361E-02	
3.377774E-03	5.030588E+00	-2.187763E-01	-2.008492E-02	
3.383330E-03	4.968613E+00	-2.379962E-01	-1.625015E-02	
3.388885E-03	4.908953E+00	-2.496981E-01	-2.027429E-02	
3.394441E-03	4.920001E+00	-2.895489E-01	-2.831440E-02	
3.399997E-03	4.999327E+00	-3.353002E-01	-2.050293E-02	
3.405552E-03	5.086622E+00	-3.831725E-01	-2.404515E-02	
3.411108E-03	5.172047E+00	-4.330436E-01	-2.874103E-02	
3.416663E-03	5.231006E+00	-3.733466E-01	-4.708603E-02	
3.422219E-03	5.229369E+00	-2.029757E-01	-3.916904E-02	
3.427774E-03	5.181455E+00	-1.171321E-01	-1.096922E-02	
3.433330E-03	5.134939E+00	-1.236243E-01	-1.170365E-02	
3.438885E-03	5.067045E+00	-1.418606E-01	-1.121412E-02	
3.444441E-03	4.999577E+00	-1.606524E-01	-1.128830E-02	
3.449997E-03	4.939196E+00	-1.693887E-01	-1.991816E-02	
3.455552E-03	4.872423E+00	-1.884998E-01	-2.041652E-02	
3.461108E-03	4.812487E+00	-2.077978E-01	-1.631946E-02	
3.466663E-03	4.801304E+00	-1.469288E-01	-4.895092E-02	
3.472219E-03	4.817893E+00	6.865510E-03	-3.004307E-02	
3.477774E-03	4.847591E+00	8.948568E-02	-1.624934E-03	
3.483330E-03	4.913990E+00	4.865860E-02	-3.022739E-02	
3.488885E-03	5.002625E+00	-5.552047E-03	-3.030538E-02	
3.494441E-03	5.091630E+00	-6.246660E-02	-3.117960E-02	
3.499996E-03	5.166282E+00	-1.250894E-01	-3.494670E-02	
3.505552E-03	5.185338E+00	-1.561131E-01	-1.595560E-02	
3.511108E-03	5.123430E+00	-1.721550E-01	-2.482586E-02	
3.516663E-03	5.058288E+00	-1.991029E-01	-3.069691E-02	
3.522219E-03	4.990276E+00	-2.194675E-01	-3.092850E-02	
3.527774E-03	4.926956E+00	-2.327073E-01	-3.607420E-02	
3.533330E-03	4.933814E+00	-2.776356E-01	-4.097503E-02	
3.538885E-03	5.018102E+00	-3.300611E-01	-3.318102E-02	
3.544441E-03	5.107374E+00	-3.959424E-01	-3.452131E-02	
3.549996E-03	5.186503E+00	-4.672709E-01	-3.686062E-02	
3.555552E-03	5.238770E+00	-3.827249E-01	-1.022794E-02	
3.561108E-03	5.240956E+00	-2.292585E-01	-6.332027E-03	
3.566663E-03	5.223079E+00	-1.895044E-01	-1.869499E-02	
3.572219E-03	5.166807E+00	-1.922869E-01	-3.451059E-02	
3.577774E-03	5.096690E+00	-2.125289E-01	-3.488165E-02	
3.583330E-03	5.048293E+00	-2.343648E-01	-1.963957E-02	
3.588885E-03	4.980653E+00	-2.501930E-01	-1.996543E-02	
3.594441E-03	4.913002E+00	-2.656363E-01	-2.015301E-02	
3.599996E-03	4.857564E+00	-2.715390E-01	-2.655056E-02	
3.605552E-03	4.825549E+00	-1.717391E-01	-1.965874E-02	
3.611108E-03	4.831332E+00	-2.503355E-02	-2.929309E-03	
3.616663E-03	4.865906E+00	8.703960E-02	-3.294189E-02	
3.622219E-03	4.943143E+00	1.358037E-01	-3.702460E-02	
3.627774E-03	5.012607E+00	9.105133E-02	-1.522358E-02	
3.633330E-03	5.065539E+00	2.303455E-02	-3.163638E-02	
3.638885E-03	5.069322E+00	-3.948580E-02	-3.679796E-02	
3.644441E-03	5.023859E+00	-5.853178E-02	-2.240457E-02	
3.649996E-03	4.964377E+00	-6.408860E-02	-3.233061E-02	
3.655552E-03	4.895906E+00	-8.010658E-02	-3.255516E-02	
3.661107E-03	4.827618E+00	-9.586015E-02	-3.264301E-02	
3.666663E-03	4.763788E+00	-1.155576E-01	-4.015364E-02	
3.672219E-03	4.788471E+00	-1.753755E-01	-2.470729E-02	
3.677774E-03	4.860925E+00	-2.454500E-01	-1.807561E-02	
3.683330E-03	4.914321E+00	-3.279562E-01	-4.101318E-02	
3.688885E-03	5.006263E+00	-4.028176E-01	-5.936636E-02	
3.694441E-03	5.063911E+00	-3.480558E-01	-3.136054E-02	
3.699996E-03	5.062532E+00	-2.342876E-01	-9.548469E-03	
3.705552E-03	5.090246E+00	-9.493304E-02	-1.845276E-02	
3.711107E-03	5.079287E+00	-5.425521E-04	-3.729242E-02	
3.716663E-03	5.012844E+00	-2.445013E-02	-3.940757E-02	
3.722219E-03	4.941147E+00	-4.089063E-02	-3.964163E-02	
3.727774E-03	4.869621E+00	-5.695939E-02	-3.989672E-02	
3.733330E-03	4.819571E+00	-7.853843E-02	-2.484341E-02	
3.738885E-03	4.768517E+00	-7.626628E-02	-4.246533E-02	
3.744441E-03	4.732939E+00	4.819960E-03	-3.567399E-02	
3.749996E-03	4.729861E+00	1.202881E-01	-1.123393E-02	
3.755552E-03	4.764175E+00	2.377734E-01	-3.383744E-02	
3.761107E-03	4.841047E+00	2.804161E-01	-3.625515E-02	
3.766663E-03	4.907324E+00	2.145118E-01	-2.089393E-02	
3.772218E-03	4.966849E+00	1.238959E-01	-3.565218E-02	
3.777774E-03	4.976495E+00	4.634607E-02	-4.123273E-02	
3.783330E-03	4.928953E+00	2.664210E-02	-2.871923E-02	
3.788885E-03	4.858127E+00	1.073290E-02	-2.897777E-02	
3.794441E-03	4.787681E+00	-4.799053E-03	-2.920202E-02	
3.799996E-03	4.728373E+00	-8.576279E-03	-4.047490E-02	
3.805552E-03	4.663765E+00	-3.723719E-02	-5.431318E-02	
3.811107E-03	4.681455E+00	-1.029118E-01	-3.778190E-02	
3.816663E-03	4.746498E+00	-1.735282E-01	-2.313744E-02	
3.822218E-03	4.831813E+00	-2.837930E-01	-2.399928E-02	
3.827774E-03	4.927532E+00	-3.862135E-01	-3.492408E-02	
3.833329E-03	4.965185E+00	-3.540659E-01	-3.039241E-02	
3.838885E-03	5.007189E+00	-2.313854E-01	-4.988356E-02	
3.844441E-03	5.047343E+00	-9.741543E-02	-6.022751E-02	
3.849996E-03	5.016780E+00	-3.317627E-02	-4.713674E-02	
3.855552E-03	4.950648E+00	-5.084796E-02	-4.295762E-02	
3.861107E-03	4.880451E+00	-6.556660E-02	-4.231659E-02	
3.866663E-03	4.813402E+00	-8.362968E-02	-4.605102E-02	
3.872218E-03	4.746629E+00	-9.684458E-02	-4.549232E-02	
3.877774E-03	4.695107E+00	-9.731290E-02	-5.873385E-02	
3.883329E-03	4.686097E+00	-3.480388E-02	-3.776942E-02	
3.888885E-03	4.731752E+00	9.482605E-02	-4.680503E-02	
3.894441E-03	4.780928E+00	2.080225E-01	-6.670278E-02	
3.899996E-03	4.832790E+00	2.149528E-01	-3.787078E-02	
3.905552E-03	4.902552E+00	9.377186E-02	-4.877786E-02	
3.911107E-03	4.967406E+00	-2.787406E-02	-6.370206E-02	
3.916663E-03	4.978901E+00	-8.725065E-02	-4.389971E-02	
3.922218E-03	4.915542E+00	-9.819793E-02	-4.667336E-02	
3.927774E-03	4.848948E+00	-1.118802E-01	-4.620409E-02	
3.933329E-03	4.801191E+00	-1.333330E-01	-3.226114E-02	
3.938885E-03	4.735839E+00	-1.476988E-01	-3.193331E-02	
3.944441E-03	4.672746E+00	-1.769344E-01	-4.231101E-02	
3.949996E-03	4.694130E+00	-2.410341E-01	-3.753958E-02	
3.955552E-03	4.754534E+00	-3.688298E-01	-5.273466E-02	
3.961107E-03	4.819234E+00	-5.008587E-01	-6.487232E-02	
3.966663E-03	4.893091E+00	-5.026753E-01	-6.705508E-02	
3.972218E-03	4.928227E+00	-3.738341E-01	-5.456303E-02	
3.977774E-03	4.977285E+00	-2.359270E-01	-5.356975E-02	
3.983329E-03	5.032670E+00	-1.124979E-01	-5.744758E-02	
3.988885E-03	5.004062E+00	-5.515196E-02	-3.353879E-02	
3.994440E-03	4.948487E+00	-7.043962E-02	-3.348566E-02	
3.999996E-03	4.895780E+00	-7.706588E-02	-4.532193E-02	
4.005552E-03	4.829837E+00	-9.377620E-02	-4.570331E-02	
4.011107E-03	4.764195E+00	-1.103865E-01	-4.589078E-02	
4.016663E-03	4.708775E+00	-1.216914E-01	-5.617574E-02	
4.022218E-03	4.692760E+00	-7.615537E-02	-3.998173E-02	
4.027774E-03	4.744010E+00	3.339747E-02	-5.474570E-02	
4.033329E-03	4.802113E+00	1.422259E-01	-6.426703E-02	
4.038885E-03	4.853913E+00	1.504769E-01	-3.440651E-02	
4.044440E-03	4.916964E+00	2.037628E-02	-5.243015E-02	
4.049996E-03	4.984038E+00	-1.155856E-01	-6.381973E-02	
4.055552E-03	5.001826E+00	-1.868154E-01	-4.093389E-02	
4.061107E-03	4.941384E+00	-2.048652E-01	-4.946813E-02	
4.066663E-03	4.875122E+00	-2.232078E-01	-5.067839E-02	
4.072218E-03	4.809288E+00	-2.404060E-01	-5.081646E-02	
4.077774E-03	4.743418E+00	-2.577725E-01	-5.101935E-02	
4.083329E-03	4.694272E+00	-2.813159E-01	-3.784377E-02	
4.088885E-03	4.641357E+00	-2.938765E-01	-3.798835E-02	
4.094440E-03	4.626490E+00	-3.775034E-01	-6.317681E-02	
4.099996E-03	4.693878E+00	-5.124693E-01	-6.539741E-02	
4.105551E-03	4.770992E+00	-4.995486E-01	-3.494043E-02	
4.111107E-03	4.813356E+00	-3.992499E-01	-2.861440E-02	
4.116663E-03	4.872239E+00	-3.234037E-01	-5.793228E-02	
4.122218E-03	4.924751E+00	-2.088076E-01	-6.595170E-02	
4.127774E-03	4.907397E+00	-1.526795E-01	-4.304677E-02	
4.133329E-03	4.866592E+00	-1.730162E-01	-3.874535E-02	
4.138885E-03	4.800701E+00	-1.889933E-01	-3.957372E-02	
4.144440E-03	4.735771E+00	-2.023308E-01	-3.973684E-02	
4.149996E-03	4.688934E+00	-2.087668E-01	-4.917889E-02	
4.155551E-03	4.685926E+00	-1.400383E-01	-4.303362E-02	
4.161107E-03	4.725923E+00	-4.409065E-02	-2.866100E-02	
4.166662E-03	4.786638E+00	2.582896E-02	-5.658442E-02	
4.172218E-03	4.848293E+00	1.328368E-01	-5.707288E-02	
4.177774E-03	4.898941E+00	2.320332E-01	-4.794874E-02	
4.183329E-03	4.954752E+00	1.993459E-01	-7.784880E-02	
4.188885E-03	5.015392E+00	5.869647E-02	-5.830307E-02	
4.194440E-03	5.039122E+00	-3.355094E-02	-3.270522E-02	
4.199996E-03	4.988157E+00	-5.129720E-02	-5.333085E-02	
4.205551E-03	4.921702E+00	-6.679878E-02	-5.375475E-02	
4.211107E-03	4.855747E+00	-8.220434E-02	-5.395541E-02	
4.216662E-03	4.789986E+00	-9.728857E-02	-5.415141E-02	
4.222218E-03	4.724358E+00	-1.126710E-01	-5.446697E-02	
4.227774E-03	4.662620E+00	-1.258288E-01	-5.795878E-02	
4.233329E-03	4.649639E+00	-2.233741E-01	-7.211309E-02	
4.238885E-03	4.728154E+00	-3.732586E-01	-7.641901E-02	
4.244440E-03	4.806547E+00	-3.992000E-01	-4.399598E-02	
4.249996E-03	4.836650E+00	-3.340051E-01	-3.311600E-02	
4.255551E-03	4.900393E+00	-2.338361E-01	-3.358686E-02	
4.261107E-03	4.960935E+00	-1.325051E-01	-3.721829E-02	
4.266662E-03	4.952318E+00	-1.156566E-01	-4.167909E-02	
4.272218E-03	4.900263E+00	-1.240750E-01	-5.404463E-02	
4.277774E-03	4.832207E+00	-1.402203E-01	-5.390887E-02	
4.283329E-03	4.778872E+00	-1.665661E-01	-4.148075E-02	
4.288885E-03	4.733423E+00	-1.738393E-01	-5.661355E-02	
4.294440E-03	4.725275E+00	-1.239625E-01	-5.124483E-02	
4.299996E-03	4.758769E+00	-5.569338E-02	-3.312753E-02	
4.305551E-03	4.823410E+00	3.412408E-02	-3.226161E-02	
4.311107E-03	4.891749E+00	1.222038E-01	-3.010855E-02	
4.316662E-03	4.951158E+00	1.701349E-01	-4.713411E-02	
4.322218E-03	5.041969E+00	1.063915E-01	-4.560199E-02	
4.327773E-03	5.099087E+00	-4.523430E-02	-2.080921E-02	
4.333329E-03	5.086592E+00	-1.331264E-01	-2.851828E-02	
4.338885E-03	5.014524E+00	-1.684741E-01	-4.067700E-02	
4.344440E-03	4.944322E+00	-1.868353E-01	-4.082593E-02	
4.349996E-03	4.892950E+00	-1.970306E-01	-5.517312E-02	
4.355551E-03	4.821730E+00	-2.145479E-01	-5.461033E-02	
4.361107E-03	4.751725E+00	-2.310257E-01	-5.361469E-02	
4.366662E-03	4.688974E+00	-2.421273E-01	-5.458252E-02	
4.372218E-03	4.685989E+00	-3.445767E-01	-4.527960E-02	
4.377773E-03	4.756297E+00	-4.062529E-01	-6.451781E-02	
4.383329E-03	4.822406E+00	-3.293637E-01	-5.813901E-02	
4.388885E-03	4.899525E+00	-2.526884E-01	-5.583316E-02	
4.394440E-03	4.977769E+00	-1.794382E-01	-5.427834E-02	
4.399996E-03	5.023473E+00	-1.186140E-01	-3.110024E-02	
4.405551E-03	5.029467E+00	-1.133806E-01	-3.377370E-02	
4.411107E-03	4.984788E+00	-1.224816E-01	-4.748124E-02	
4.416662E-03	4.919049E+00	-1.381914E-01	-4.474892E-02	
4.422218E-03	4.853949E+00	-1.566283E-01	-4.447209E-02	
4.427773E-03	4.805920E+00	-1.686388E-01	-5.687549E-02	
4.433329E-03	4.811391E+00	-1.470891E-01	-4.314255E-02	
4.438884E-03	4.889320E+00	-9.493450E-02	-5.094764E-02	
4.444440E-03	4.969205E+00	-3.422132E-02	-5.122142E-02	
4.449996E-03	5.019829E+00	1.355617E-02	-2.794832E-02	
4.455551E-03	5.090755E+00	3.280175E-02	-5.111360E-02	
4.461107E-03	5.168173E+00	-2.764741E-02	-6.390426E-02	
4.466662E-03	5.168344E+00	-1.140492E-01	-4.089420E-02	
4.472218E-03	5.107731E+00	-1.329808E-01	-4.565593E-02	
4.477773E-03	5.041972E+00	-1.524199E-01	-4.619400E-02	
4.483329E-03	4.987998E+00	-1.815463E-01	-3.572581E-02	
4.488884E-03	4.923358E+00	-2.008761E-01	-3.574239E-02	
4.494440E-03	4.858828E+00	-2.206087E-01	-3.599866E-02	
4.499995E-03	4.813451E+00	-2.348245E-01	-4.940081E-02	
4.505551E-03	4.747067E+00	-2.765742E-01	-6.671859E-02	
4.511107E-03	4.738237E+00	-3.920217E-01	-5.862096E-02	
4.516662E-03	4.807641E+00	-4.507071E-01	-5.679023E-02	
4.522218E-03	4.876205E+00	-4.051594E-01	-4.888868E-02	
4.527773E-03	4.955803E+00	-3.558798E-01	-4.892371E-02	
4.533329E-03	5.033259E+00	-3.016935E-01	-5.131901E-02	
4.538884E-03	5.091937E+00	-2.571896E-01	-3.608822E-02	
4.544440E-03	5.106315E+00	-2.561574E-01	-3.882398E-02	
4.549995E-03	5.061976E+00	-2.642219E-01	-4.724860E-02	
4.555551E-03	4.997293E+00	-2.851325E-01	-4.726299E-02	
4.561107E-03	4.933126E+00	-3.062393E-01	-4.703459E-02	
4.566662E-03	4.881304E+00	-3.183941E-01	-5.051897E-02	
4.572218E-03	4.883056E+00	-3.162561E-01	-3.402316E-02	
4.577773E-03	4.960349E+00	-2.890643E-01	-4.466095E-02	
4.583329E-03	5.038825E+00	-2.450353E-01	-4.843665E-02	
4.588884E-03	5.122719E+00	-2.038588E-01	-4.863002E-02	
4.594440E-03	5.207149E+00	-1.641353E-01	-4.879041E-02	
4.599995E-03	5.260086E+00	-1.311769E-01	-2.956944E-02	
4.605551E-03	5.268138E+00	-1.408896E-01	-3.211899E-02	
4.611107E-03	5.225533E+00	-1.549227E-01	-4.576349E-02	
4.616662E-03	5.162278E+00	-1.709043E-01	-4.081072E-02	
4.622218E-03	5.097589E+00	-1.940807E-01	-4.058254E-02	
4.627773E-03	5.032931E+00	-2.170991E-01	-4.027866E-02	
4.633329E-03	4.976538E+00	-2.498683E-01	-3.120185E-02	
4.638884E-03	4.912570E+00	-2.713249E-01	-3.185686E-02	
4.644440E-03	4.849677E+00	-2.891350E-01	-3.150900E-02	
4.649995E-03	4.808471E+00	-3.058890E-01	-4.175216E-02	
4.655551E-03	4.821380E+00	-2.842072E-01	-3.957531E-02	
4.661106E-03	4.884379E+00	-2.624614E-01	-2.591555E-02	
4.666662E-03	4.962715E+00	-2.557507E-01	-4.118387E-02	
4.672218E-03	5.048069E+00	-2.309083E-01	-4.092405E-02	
4.677773E-03	5.117053E+00	-2.108912E-01	-2.868506E-02	
4.683329E-03	5.134373E+00	-2.160048E-01	-3.649002E-02	
4.688884E-03	5.070771E+00	-2.305953E-01	-2.980398E-02	
4.694440E-03	5.004749E+00	-2.516329E-01	-2.920984E-02	
4.699995E-03	4.959221E+00	-2.662430E-01	-4.354062E-02	
4.705551E-03	4.903674E+00	-2.719164E-01	-3.885741E-02	
4.711106E-03	4.899224E+00	-2.807646E-01	-2.177495E-02	
4.716662E-03	4.975516E+00	-2.773745E-01	-3.878612E-02	
4.722218E-03	5.062368E+00	-2.613022E-01	-3.772264E-02	
4.727773E-03	5.149593E+00	-2.467242E-01	-3.671207E-02	
4.733329E-03	5.230297E+00	-2.272968E-01	-4.377428E-02	
4.738884E-03	5.295053E+00	-2.199727E-01	-2.886608E-02	
4.744440E-03	5.310467E+00	-2.419825E-01	-2.954457E-02	
4.749995E-03	5.264623E+00	-2.555168E-01	-4.101364E-02	
4.755551E-03	5.197498E+00	-2.756401E-01	-4.133459E-02	
4.761106E-03	5.130489E+00	-2.958060E-01	-4.138697E-02	
4.766662E-03	5.066414E+00	-3.081379E-01	-3.558626E-02	
4.772217E-03	4.999479E+00	-3.282691E-01	-3.558769E-02	
4.777773E-03	4.932872E+00	-3.480903E-01	-3.575758E-02	
4.783329E-03	4.879960E+00	-3.623334E-01	-1.586138E-02	
4.788884E-03	4.855392E+00	-2.885515E-01	-3.886877E-02	
4.794440E-03	4.878633E+00	-1.919939E-01	-4.835580E-02	
4.799995E-03	4.940498E+00	-1.857049E-01	-2.058279E-02	
4.805551E-03	5.025796E+00	-1.860571E-01	-1.989440E-02	
4.811106E-03	5.112577E+00	-1.868918E-01	-1.903099E-02	
4.816662E-03	5.182840E+00	-2.048179E-01	-2.205203E-02	
4.822217E-03	5.199248E+00	-2.092516E-01	-3.946253E-02	
4.827773E-03	5.135628E+00	-2.225413E-01	-2.950342E-02	
4.833328E-03	5.072878E+00	-2.535386E-01	-2.114783E-02	
4.838884E-03	5.003308E+00	-2.747461E-01	-2.123586E-02	
4.844440E-03	4.936885E+00	-2.887543E-01	-1.597452E-02	
4.849995E-03	4.942546E+00	-3.115202E-01	-1.385232E-02	
4.855551E-03	5.020832E+00	-3.155438E-01	-1.939940E-02	
4.861106E-03	5.104499E+00	-3.265098E-01	-1.886215E-02	
4.866662E-03	5.185431E+00	-3.493129E-01	-2.869725E-02	
4.872217E-03	5.257481E+00	-3.308973E-01	-4.716335E-02	
4.877773E-03	5.275352E+00	-2.603185E-01	-4.550630E-02	
4.883328E-03	5.258379E+00	-2.116245E-01	-3.621264E-02	
4.888884E-03	5.197417E+00	-2.122907E-01	-1.983762E-02	
4.894440E-03	5.126108E+00	-2.340514E-01	-2.010971E-02	
4.899995E-03	5.077230E+00	-2.544376E-01	-3.585599E-02	
4.905551E-03	5.006159E+00	-2.763351E-01	-3.616419E-02	
4.911106E-03	4.934106E+00	-2.977473E-01	-3.659323E-02	
4.916662E-03	4.868438E+00	-3.074516E-01	-2.942732E-02	
4.922217E-03	4.792626E+00	-3.000905E-01	-3.807297E-02	
4.927773E-03	4.759883E+00	-2.350836E-01	-6.542030E-02	
4.933328E-03	4.799786E+00	-1.717648E-01	-4.909909E-02	
4.938884E-03	4.898326E+00	-1.800247E-01	-3.771858E-02	
4.944440E-03	4.990026E+00	-2.040065E-01	-3.780323E-02	
4.949995E-03	5.053755E+00	-2.312662E-01	-1.658695E-02	
4.955551E-03	5.136590E+00	-2.684558E-01	-1.967864E-02	
4.961106E-03	5.164505E+00	-2.853112E-01	-3.854684E-02	
4.966662E-03	5.102153E+00	-3.018587E-01	-2.576528E-02	
4.972217E-03	5.031524E+00	-3.204962E-01	-2.551984E-02	
4.977773E-03	4.963084E+00	-3.378193E-01	-2.601896E-02	
4.983328E-03	4.903319E+00	-3.599955E-01	-1.494128E-02	
4.988884E-03	4.934180E+00	-3.904107E-01	-3.184563E-02	
4.994439E-03	5.015156E+00	-4.116481E-01	-3.751562E-02	
4.999995E-03	5.079327E+00	-4.469990E-01	-1.572127E-02	
5.005551E-03	5.173827E+00	-4.845888E-01	-1.596395E-02	
5.011106E-03	5.256413E+00	-5.023290E-01	-3.362130E-02	
5.016662E-03	5.287921E+00	-4.689974E-01	-4.326224E-02	
5.022217E-03	5.303996E+00	-3.074002E-01	-4.089029E-02	
5.027773E-03	5.276216E+00	-1.993933E-01	-2.029362E-02	
5.033328E-03	5.217001E+00	-2.267450E-01	-1.662570E-02	
5.038884E-03	5.148789E+00	-2.448362E-01	-1.694890E-02	
5.044439E-03	5.080799E+00	-2.628253E-01	-1.728404E-02	
5.049995E-03	5.034348E+00	-2.818044E-01	-3.216965E-02	
5.055550E-03	4.967237E+00	-3.001376E-01	-3.245325E-02	
5.061106E-03	4.893309E+00	-3.050053E-01	-4.326027E-02	
5.066662E-03	4.857335E+00	-2.469792E-01	-5.513255E-02	
5.072217E-03	4.868861E+00	-9.749090E-02	-2.941598E-02	
5.077773E-03	4.933237E+00	-1.124273E-02	-2.497157E-02	
5.083328E-03	5.007724E+00	-3.855631E-02	-3.486134E-02	
5.088884E-03	5.100025E+00	-8.484748E-02	-3.501603E-02	
5.094439E-03	5.189040E+00	-1.381273E-01	-3.971917E-02	
5.099995E-03	5.196845E+00	-1.639671E-01	-3.768649E-02	
5.105550E-03	5.133492E+00	-1.911574E-01	-3.028744E-02	
5.111106E-03	5.065776E+00	-2.091320E-01	-3.013092E-02	
5.116662E-03	5.005309E+00	-2.172970E-01	-2.182656E-02	
5.122217E-03	4.945856E+00	-2.467452E-01	-1.020510E-02	
5.127773E-03	4.966825E+00	-2.887543E-01	-2.642606E-02	
5.133328E-03	5.035842E+00	-3.239145E-01	-3.496574E-02	
5.138884E-03	5.127700E+00	-3.819130E-01	-3.503216E-02	
5.144439E-03	5.220708E+00	-4.384632E-01	-3.439982E-02	
5.149995E-03	5.275935E+00	-4.775190E-01	-2.469857E-02	
5.155550E-03	5.345258E+00	-4.207435E-01	5.547542E-03	
5.161106E-03	5.373853E+00	-2.581582E-01	2.685791E-03	
5.166662E-03	5.326305E+00	-1.854654E-01	-1.527323E-02	
5.172217E-03	5.263301E+00	-2.049326E-01	-1.977824E-02	
5.177773E-03	5.195052E+00	-2.237566E-01	-2.027146E-02	
5.183328E-03	5.130407E+00	-2.504693E-01	-1.494957E-02	
5.188884E-03	5.062613E+00	-2.705812E-01	-1.522500E-02	
5.194439E-03	4.996076E+00	-2.883378E-01	-1.465209E-02	
5.199995E-03	4.946729E+00	-2.963094E-01	-3.646668E-02	
5.205550E-03	4.943430E+00	-2.067427E-01	-1.017589E-02	
5.211106E-03	4.959062E+00	-5.895219E-02	9.845769E-03	
5.216661E-03	4.996162E+00	-1.511819E-02	-2.322887E-02	
5.222217E-03	5.075475E+00	-8.129449E-02	-1.479861E-02	
5.227773E-03	5.165877E+00	-1.506200E-01	-1.447720E-02	
5.233328E-03	5.243969E+00	-2.013181E-01	-3.566383E-02	
5.238884E-03	5.237282E+00	-2.393760E-01	-1.857134E-02	
5.244439E-03	5.179326E+00	-2.746301E-01	-1.157224E-02	
5.249995E-03	5.131476E+00	-2.963218E-01	-2.672941E-02	
5.255550E-03	5.064694E+00	-3.120718E-01	-2.654913E-02	
5.261106E-03	4.997927E+00	-3.274646E-01	-2.647264E-02	
5.266661E-03	4.950538E+00	-3.348841E-01	-2.562752E-02	
5.272217E-03	4.952433E+00	-3.907279E-01	-5.028671E-03	
5.277773E-03	5.034738E+00	-4.704131E-01	-1.292152E-02	
5.283328E-03	5.120261E+00	-5.162250E-01	-2.530499E-02	
5.288884E-03	5.150253E+00	-4.743504E-01	-2.745544E-02	
5.294439E-03	5.185350E+00	-3.391947E-01	-4.485358E-03	
5.299995E-03	5.212539E+00	-1.809145E-01	-1.448638E-04	
5.305550E-03	5.166455E+00	-1.113529E-01	-2.550062E-02	
5.311106E-03	5.109419E+00	-1.236113E-01	-2.568169E-02	
5.316661E-03	5.050370E+00	-1.291660E-01	-1.607405E-02	
5.322217E-03	4.982402E+00	-1.451306E-01	-1.590661E-02	
5.327772E-03	4.914723E+00	-1.609114E-01	-1.588553E-02	
5.333328E-03	4.858426E+00	-1.731446E-01	-1.292230E-03	
5.338884E-03	4.829887E+00	-1.101258E-01	-1.897818E-02	
5.344439E-03	4.857224E+00	3.438905E-02	-3.377050E-03	
5.349995E-03	4.891662E+00	1.762638E-01	6.644346E-03	
5.355550E-03	4.928499E+00	2.193835E-01	-2.202102E-02	
5.361106E-03	4.999890E+00	1.382335E-01	-6.713073E-03	
5.366661E-03	5.084495E+00	4.779039E-02	-8.108369E-03	
5.372217E-03	5.164131E+00	-2.920586E-02	-2.070775E-02	
5.377772E-03	5.161821E+00	-7.748129E-02	-3.854657E-03	
5.383328E-03	5.103973E+00	-1.033977E-01	-7.320578E-03	
5.388883E-03	5.033223E+00	-1.201385E-01	-7.239513E-03	
5.394439E-03	4.962592E+00	-1.366099E-01	-7.183794E-03	
5.399995E-03	4.913053E+00	-1.584219E-01	-2.221070E-02	
5.405550E-03	4.852758E+00	-1.718200E-01	-2.190985E-02	
5.411106E-03	4.839219E+00	-2.358592E-01	-5.951302E-04	
5.416661E-03	4.918568E+00	-3.278306E-01	-6.628568E-03	
5.422217E-03	4.996374E+00	-3.898220E-01	-2.867640E-02	
5.427772E-03	5.029862E+00	-3.762220E-01	-2.951103E-02	
5.433328E-03	5.077483E+00	-2.713021E-01	7.420965E-04	
5.438883E-03	5.100284E+00	-1.195924E-01	9.560284E-03	
5.444439E-03	5.063854E+00	-4.596033E-02	-1.523094E-02	
5.449995E-03	5.023469E+00	-5.897248E-02	-2.114415E-02	
5.455550E-03	4.953655E+00	-7.496937E-02	-2.123146E-02	
5.461106E-03	4.884211E+00	-9.084629E-02	-2.118816E-02	
5.466661E-03	4.825505E+00	-9.526594E-02	-1.012728E-02	
5.472217E-03	4.756793E+00	-8.494448E-02	-1.906515E-02	
5.477772E-03	4.727624E+00	-3.401146E-02	-3.646701E-02	
5.483328E-03	4.769633E+00	7.086466E-02	1.249650E-03	
5.488883E-03	4.805968E+00	2.211656E-01	1.391289E-03	
5.494439E-03	4.832430E+00	3.602486E-01	-9.139712E-03	
5.499995E-03	4.888592E+00	3.740684E-01	1.671404E-02	
5.505550E-03	4.968263E+00	2.879686E-01	-2.772103E-03	
5.511106E-03	5.051018E+00	1.847636E-01	-1.139189E-02	
5.516661E-03	5.058198E+00	1.189923E-01	6.467808E-03	
5.522217E-03	5.006380E+00	9.676300E-02	-6.941239E-03	
5.527772E-03	4.937458E+00	8.182076E-02	-7.416217E-03	
5.533328E-03	4.871348E+00	6.350568E-02	-3.637162E-03	
5.538883E-03	4.805506E+00	4.982184E-02	-3.909300E-03	
5.544439E-03	4.743702E+00	3.920994E-02	-7.823417E-04	
5.549994E-03	4.745033E+00	-3.517686E-02	9.136886E-03	
5.555550E-03	4.827992E+00	-1.461668E-01	-5.248176E-04	
5.561106E-03	4.909202E+00	-2.459553E-01	-1.992925E-02	
5.566661E-03	4.952264E+00	-2.642797E-01	-1.879808E-02	
5.572217E-03	5.006000E+00	-1.273883E-01	-2.909141E-02	
5.577772E-03	5.042227E+00	1.559704E-02	-2.557356E-02	
5.583328E-03	5.028019E+00	4.632518E-02	-1.611680E-02	
5.588883E-03	4.976318E+00	4.377041E-02	-3.169367E-03	
5.594439E-03	4.910333E+00	2.929115E-02	-3.521117E-03	
5.599994E-03	4.863216E+00	6.758173E-03	-1.712599E-02	
5.605550E-03	4.799090E+00	-8.978965E-03	-1.729840E-02	
5.611106E-03	4.733593E+00	-1.156553E-02	-2.690403E-02	
5.616661E-03	4.718006E+00	3.131016E-02	-3.203508E-02	
5.622217E-03	4.759241E+00	1.649546E-01	-2.838950E-02	
5.627772E-03	4.805575E+00	2.961798E-01	-2.812529E-02	
5.633328E-03	4.850304E+00	3.762731E-01	-3.408483E-03	
5.638883E-03	4.938020E+00	3.714132E-01	-3.113125E-03	
5.644439E-03	5.009026E+00	2.788426E-01	-2.516425E-02	
5.649994E-03	5.053988E+00	1.697612E-01	-4.812744E-03	
5.655550E-03	5.055381E+00	8.053603E-02	1.751147E-03	
5.661105E-03	5.014636E+00	5.443832E-02	-1.467316E-02	
5.666661E-03	4.963089E+00	4.715538E-02	-3.082988E-03	
5.672217E-03	4.898314E+00	2.980818E-02	-2.897251E-03	
5.677772E-03	4.834051E+00	1.250814E-02	-2.992361E-03	
5.683328E-03	4.772468E+00	-4.818645E-03	3.222041E-04	
5.688883E-03	4.794943E+00	-9.837729E-02	-1.599018E-02	
5.694439E-03	4.862979E+00	-2.176391E-01	-2.424161E-02	
5.699994E-03	4.902644E+00	-3.231451E-01	-1.001643E-02	
5.705550E-03	4.978944E+00	-3.431571E-01	2.005772E-02	
5.711105E-03	5.043761E+00	-2.267638E-01	3.229672E-03	
5.716661E-03	5.061306E+00	-1.220132E-01	-2.244147E-02	
5.722216E-03	5.057393E+00	-8.848285E-02	-1.583055E-02	
5.727772E-03	5.012512E+00	-8.753942E-02	-1.654697E-03	
5.733328E-03	4.947514E+00	-1.065230E-01	-7.330579E-04	
5.738883E-03	4.882844E+00	-1.244837E-01	-6.424427E-04	
5.744439E-03	4.818060E+00	-1.425641E-01	-4.689164E-04	
5.749994E-03	4.769322E+00	-1.575766E-01	-1.991055E-02	
5.755550E-03	4.784660E+00	-1.031927E-01	3.282464E-03	
5.761105E-03	4.830266E+00	1.796476E-02	4.058746E-03	
5.766661E-03	4.903352E+00	1.481130E-01	1.776525E-02	
5.772216E-03	4.991980E+00	2.458890E-01	7.045449E-02	
5.777772E-03	5.067364E+00	2.224728E-01	5.613912E-02	
5.783328E-03	5.132405E+00	1.135685E-01	3.132960E-02	
5.788883E-03	5.117561E+00	3.811046E-02	4.701060E-02	
5.794439E-03	5.060292E+00	-3.069484E-03	5.858525E-02	
5.799994E-03	5.011970E+00	-2.977014E-02	4.746723E-02	
5.805550E-03	4.948685E+00	-4.626033E-02	4.928214E-02	
5.811105E-03	4.886825E+00	-5.969213E-02	5.079459E-02	
5.816661E-03	4.825732E+00	-7.294513E-02	5.231962E-02	
5.822216E-03	4.764707E+00	-1.077387E-01	6.891538E-02	
5.827772E-03	4.784602E+00	-2.027114E-01	5.579302E-02	
5.833328E-03	4.844316E+00	-3.148748E-01	3.214055E-02	
5.838883E-03	4.890397E+00	-3.316161E-01	3.972354E-02	
5.844439E-03	4.948135E+00	-2.675483E-01	5.959439E-02	
5.849994E-03	5.005283E+00	-1.658532E-01	5.324845E-02	
5.855550E-03	5.059455E+00	-6.361379E-02	4.892014E-02	
5.861105E-03	5.114791E+00	2.535833E-02	5.384848E-02	
5.866661E-03	5.111058E+00	7.677615E-02	5.008510E-02	
5.872216E-03	5.051771E+00	5.824278E-02	4.775153E-02	
5.877772E-03	4.988355E+00	4.232921E-02	4.893874E-02	
5.883327E-03	4.924910E+00	2.685786E-02	4.992593E-02	
5.888883E-03	4.867226E+00	1.176722E-02	4.383714E-02	
5.894439E-03	4.865072E+00	3.915949E-02	5.565303E-02	
5.899994E-03	4.923436E+00	1.326341E-01	4.884611E-02	
5.905550E-03	4.980702E+00	2.276886E-01	4.500312E-02	
5.911105E-03	5.035528E+00	2.921497E-01	6.146448E-02	
5.916661E-03	5.103768E+00	2.578356E-01	4.285304E-02	
5.922216E-03	5.160802E+00	1.071275E-01	4.123636E-02	
5.927772E-03	5.148501E+00	1.415707E-02	5.815287E-02	
5.933327E-03	5.094262E+00	-9.393755E-03	4.836316E-02	
5.938883E-03	5.028073E+00	-2.625473E-02	4.953395E-02	
5.944438E-03	4.961863E+00	-4.291354E-02	5.076575E-02	
5.949994E-03	4.910327E+00	-6.967335E-02	3.966095E-02	
5.955550E-03	4.844553E+00	-8.658539E-02	4.071333E-02	
5.961105E-03	4.777493E+00	-1.208891E-01	5.417786E-02	
5.966661E-03	4.786986E+00	-2.227354E-01	4.250773E-02	
5.972216E-03	4.836334E+00	-3.628079E-01	3.104537E-02	
5.977772E-03	4.883530E+00	-4.117147E-01	4.164124E-02	
5.983327E-03	4.947766E+00	-3.650129E-01	5.487946E-02	
5.988883E-03	5.006482E+00	-2.773701E-01	5.052260E-02	
5.994438E-03	5.065986E+00	-1.908232E-01	4.601659E-02	
5.999994E-03	5.127926E+00	-1.166271E-01	4.634705E-02	
6.005550E-03	5.122250E+00	-7.510782E-02	3.570039E-02	
6.011105E-03	5.060694E+00	-9.737106E-02	3.280608E-02	
6.016661E-03	4.996017E+00	-1.144818E-01	3.661382E-02	
6.022216E-03	4.926693E+00	-1.323130E-01	3.742439E-02	
6.027772E-03	4.862570E+00	-1.516603E-01	3.495953E-02	
6.033327E-03	4.859090E+00	-1.318160E-01	4.817916E-02	
6.038883E-03	4.922023E+00	-5.316884E-02	4.201495E-02	
6.044438E-03	4.988769E+00	2.500272E-02	3.790004E-02	
6.049994E-03	5.056923E+00	9.804101E-02	3.506899E-02	
6.055550E-03	5.129817E+00	1.628766E-01	2.550816E-02	
6.061105E-03	5.181817E+00	1.006884E-01	4.320429E-02	
6.066661E-03	5.175669E+00	6.790538E-03	4.598580E-02	
6.072216E-03	5.128080E+00	-2.964148E-02	3.155550E-02	
6.077772E-03	5.062320E+00	-5.205749E-02	3.265888E-02	
6.083327E-03	4.998174E+00	-6.820938E-02	3.067620E-02	
6.088883E-03	4.935261E+00	-8.700382E-02	3.162390E-02	
6.094438E-03	4.872812E+00	-1.055942E-01	3.274675E-02	
6.099994E-03	4.822441E+00	-1.341012E-01	2.350129E-02	
6.105549E-03	4.767941E+00	-1.576523E-01	2.017947E-02	
6.111105E-03	4.749721E+00	-2.383901E-01	2.951286E-02	
6.116661E-03	4.807051E+00	-3.079961E-01	3.389521E-02	
6.122216E-03	4.892795E+00	-2.603461E-01	1.928630E-02	
6.127772E-03	4.967173E+00	-2.040401E-01	1.608993E-02	
6.133327E-03	5.036775E+00	-1.763189E-01	3.265298E-02	
6.138883E-03	5.104997E+00	-1.189717E-01	3.818136E-02	
6.144438E-03	5.112294E+00	-8.956944E-02	2.610973E-02	
6.149994E-03	5.062308E+00	-1.180887E-01	1.815762E-02	
6.155549E-03	4.999941E+00	-1.377054E-01	1.923221E-02	
6.161105E-03	4.937626E+00	-1.578465E-01	2.070378E-02	
6.166661E-03	4.881787E+00	-1.799286E-01	2.129530E-02	
6.172216E-03	4.887617E+00	-1.494204E-01	1.581153E-02	
6.177772E-03	4.958650E+00	-1.043881E-01	1.296472E-02	
6.183327E-03	5.028356E+00	-8.174623E-02	2.859573E-02	
6.188883E-03	5.103381E+00	-3.648980E-02	2.595154E-02	
6.194438E-03	5.177410E+00	8.736921E-03	2.220792E-02	
6.199994E-03	5.221958E+00	-5.459591E-02	4.422283E-02	
6.205549E-03	5.215943E+00	-1.546451E-01	3.783217E-02	
6.211105E-03	5.174499E+00	-1.956166E-01	1.811979E-02	
6.216660E-03	5.114479E+00	-2.153479E-01	2.146056E-02	
6.222216E-03	5.051527E+00	-2.365177E-01	2.293355E-02	
6.227772E-03	4.989179E+00	-2.580171E-01	2.402380E-02	
6.233327E-03	4.928443E+00	-2.733653E-01	2.071616E-02	
6.238883E-03	4.866598E+00	-2.953161E-01	2.168405E-02	
6.244438E-03	4.807061E+00	-3.171653E-01	2.444280E-02	
6.249994E-03	4.816781E+00	-3.050837E-01	1.559891E-02	
6.255549E-03	4.890586E+00	-2.726951E-01	1.984061E-02	
6.261105E-03	4.967723E+00	-2.319858E-01	1.723438E-02	
6.266660E-03	5.041646E+00	-1.944786E-01	1.072557E-02	
6.272216E-03	5.120442E+00	-1.580280E-01	8.402240E-03	
6.277771E-03	5.195476E+00	-1.188028E-01	9.966576E-03	
6.283327E-03	5.202275E+00	-1.240100E-01	1.144438E-02	
6.288883E-03	5.141703E+00	-1.468537E-01	1.436412E-02	
6.294438E-03	5.078473E+00	-1.701747E-01	1.539015E-02	
6.299994E-03	5.023310E+00	-2.032538E-01	7.503344E-03	
6.305549E-03	4.965163E+00	-2.259888E-01	9.998785E-03	
6.311105E-03	4.971581E+00	-2.058541E-01	8.517570E-03	
6.316660E-03	5.045931E+00	-1.821129E-01	6.907242E-03	
6.322216E-03	5.126705E+00	-1.536740E-01	4.690796E-03	
6.327771E-03	5.208149E+00	-1.273735E-01	1.748202E-03	
6.333327E-03	5.280972E+00	-1.236915E-01	1.278713E-02	
6.338883E-03	5.285487E+00	-1.193144E-01	2.076743E-02	
6.344438E-03	5.226044E+00	-1.325112E-01	1.148859E-02	
6.349994E-03	5.169137E+00	-1.657918E-01	4.086658E-03	
6.355549E-03	5.103426E+00	-1.900611E-01	5.339669E-03	
6.361105E-03	5.038558E+00	-2.115923E-01	6.037827E-03	
6.366660E-03	4.977639E+00	-2.297259E-01	9.979900E-03	
6.372216E-03	4.913511E+00	-2.482553E-01	1.138832E-02	
6.377771E-03	4.849980E+00	-2.671103E-01	1.253049E-02	
6.383327E-03	4.790786E+00	-2.786008E-01	9.684362E-03	
6.388883E-03	4.802063E+00	-2.844328E-01	-2.361395E-04	
6.394438E-03	4.875573E+00	-2.770217E-01	6.387239E-03	
6.399994E-03	4.949127E+00	-2.562912E-01	1.052595E-02	
6.405549E-03	5.029343E+00	-2.449703E-01	7.371017E-03	
6.411105E-03	5.109146E+00	-2.352778E-01	4.001416E-03	
6.416660E-03	5.182616E+00	-2.228256E-01	1.547156E-03	
6.422216E-03	5.191193E+00	-2.428664E-01	3.575349E-03	
6.427771E-03	5.130181E+00	-2.599972E-01	5.177237E-03	
6.433327E-03	5.067586E+00	-2.724640E-01	4.758638E-04	
6.438882E-03	5.002118E+00	-2.931254E-01	1.840001E-03	
6.444438E-03	4.939407E+00	-3.132157E-01	5.156383E-03	
6.449994E-03	4.947827E+00	-3.180111E-01	5.239982E-04	
6.455549E-03	5.025956E+00	-3.229662E-01	3.668134E-03	
6.461105E-03	5.107031E+00	-3.222937E-01	1.072893E-03	
6.466660E-03	5.182989E+00	-3.237253E-01	-5.147178E-03	
6.472216E-03	5.272173E+00	-3.048524E-01	-2.332375E-02	
6.477771E-03	5.303340E+00	-2.008047E-01	-1.951024E-02	
6.483327E-03	5.254671E+00	-1.397824E-01	-6.573831E-03	
6.488882E-03	5.187915E+00	-1.615627E-01	-3.976852E-03	
6.494438E-03	5.119611E+00	-1.832915E-01	-2.518255E-03	
6.499994E-03	5.058211E+00	-2.147629E-01	-9.464614E-03	
6.505549E-03	4.990011E+00	-2.366004E-01	-8.120407E-03	
6.511105E-03	4.921900E+00	-2.583756E-01	-6.548774E-03	
6.516660E-03	4.857676E+00	-2.796995E-01	-2.497832E-03	
6.522216E-03	4.801874E+00	-2.726274E-01	-2.327752E-02	
6.527771E-03	4.762899E+00	-1.950495E-01	-2.856167E-02	
6.533327E-03	4.780643E+00	-1.304116E-01	-2.026170E-03	
6.538882E-03	4.858864E+00	-1.391709E-01	-5.713810E-03	
6.544438E-03	4.938842E+00	-1.490821E-01	-8.346708E-03	
6.549993E-03	5.011976E+00	-1.501949E-01	-1.100878E-03	
6.555549E-03	5.089103E+00	-1.631337E-01	-4.823557E-03	
6.561105E-03	5.098601E+00	-1.969008E-01	-8.013562E-03	
6.566660E-03	5.035099E+00	-2.142357E-01	-7.965566E-03	
6.572216E-03	4.965717E+00	-2.367628E-01	-6.266433E-03	
6.577771E-03	4.894967E+00	-2.588706E-01	-4.573729E-03	
6.583327E-03	4.832615E+00	-2.688883E-01	-9.391505E-03	
6.588882E-03	4.877221E+00	-2.930962E-01	1.795076E-03	
6.594438E-03	4.983476E+00	-3.174482E-01	2.710218E-02	
6.599993E-03	5.062375E+00	-3.248604E-01	3.665865E-02	
6.605549E-03	5.151235E+00	-3.482533E-01	3.399054E-02	
6.611104E-03	5.216744E+00	-3.609116E-01	-1.182911E-03	
6.616660E-03	5.202276E+00	-2.836804E-01	-3.181830E-02	
6.622216E-03	5.137406E+00	-2.324669E-01	-3.491883E-02	
6.627771E-03	5.071829E+00	-2.476170E-01	-3.891411E-02	
6.633327E-03	5.008752E+00	-2.587628E-01	-4.520610E-02	
6.638882E-03	4.942089E+00	-2.777152E-01	-4.243771E-02	
6.644438E-03	4.876141E+00	-2.954007E-01	-3.996900E-02	
6.649993E-03	4.818060E+00	-3.217550E-01	-4.475406E-02	
6.655549E-03	4.772463E+00	-3.348455E-01	-2.481535E-02	
6.661104E-03	4.780358E+00	-2.479327E-01	-3.507803E-02	
6.666660E-03	4.810638E+00	-8.678536E-02	-1.738610E-02	
6.672216E-03	4.861490E+00	-7.659256E-03	2.665530E-02	
6.677771E-03	4.951810E+00	-3.804344E-02	2.017421E-02	
6.683327E-03	5.034975E+00	-8.296694E-02	2.439699E-02	
6.688882E-03	5.120923E+00	-1.218781E-01	1.998045E-02	
6.694438E-03	5.160141E+00	-1.601428E-01	-1.782267E-02	
6.699993E-03	5.116326E+00	-1.862453E-01	-4.878700E-02	
6.705549E-03	5.053939E+00	-1.989090E-01	-5.208549E-02	
6.711104E-03	4.991644E+00	-2.176760E-01	-4.766176E-02	
6.716660E-03	4.927421E+00	-2.366892E-01	-4.541973E-02	
6.722216E-03	4.913739E+00	-2.498359E-01	-1.688545E-02	
6.727771E-03	4.978030E+00	-2.917453E-01	1.276909E-02	
6.733327E-03	5.057516E+00	-3.377086E-01	2.071380E-02	
6.738882E-03	5.143223E+00	-3.857154E-01	1.605846E-02	
6.744438E-03	5.200948E+00	-4.344642E-01	-8.282790E-03	
6.749993E-03	5.227515E+00	-3.732516E-01	-4.958141E-02	
6.755549E-03	5.207147E+00	-2.018217E-01	-5.489566E-02	
6.761104E-03	5.149974E+00	-1.152758E-01	-3.326380E-02	
6.766660E-03	5.090372E+00	-1.208148E-01	-4.329909E-02	
6.772215E-03	5.022601E+00	-1.388948E-01	-4.273838E-02	
6.777771E-03	4.955399E+00	-1.575492E-01	-4.263174E-02	
6.783327E-03	4.895165E+00	-1.661472E-01	-5.115680E-02	
6.788882E-03	4.835191E+00	-1.856206E-01	-4.684924E-02	
6.794438E-03	4.785939E+00	-2.056563E-01	-3.519122E-02	
6.799993E-03	4.811680E+00	-1.478740E-01	-4.161725E-02	
6.805549E-03	4.844919E+00	4.429799E-03	-1.083842E-02	
6.811104E-03	4.879384E+00	8.659948E-02	2.101220E-02	
6.816660E-03	4.974860E+00	4.292615E-02	1.305165E-02	
6.822215E-03	5.063694E+00	-1.151122E-02	1.312312E-02	
6.827771E-03	5.142406E+00	-6.759476E-02	4.948148E-03	
6.833326E-03	5.188968E+00	-1.274643E-01	-1.880988E-02	
6.838882E-03	5.140587E+00	-1.512436E-01	-4.779934E-02	
6.844438E-03	5.078871E+00	-1.671410E-01	-5.655005E-02	
6.849993E-03	5.014107E+00	-1.939743E-01	-6.217487E-02	
6.855549E-03	4.946441E+00	-2.142240E-01	-6.217352E-02	
6.861104E-03	4.932061E+00	-2.333018E-01	-3.243893E-02	
6.866660E-03	4.996468E+00	-2.855143E-01	3.697213E-03	
6.872215E-03	5.081035E+00	-3.382022E-01	1.173247E-02	
6.877771E-03	5.163851E+00	-4.034447E-01	5.807524E-03	
6.883326E-03	5.224809E+00	-4.725429E-01	-9.554756E-03	
6.888882E-03	5.226720E+00	-3.811099E-01	-1.885223E-02	
6.894438E-03	5.218401E+00	-2.260623E-01	-2.240462E-02	
6.899993E-03	5.177876E+00	-1.828421E-01	-5.099453E-02	
6.905549E-03	5.121605E+00	-1.854440E-01	-6.685121E-02	
6.911104E-03	5.073193E+00	-2.088734E-01	-5.172481E-02	
6.916660E-03	5.004502E+00	-2.274119E-01	-5.102111E-02	
6.922215E-03	4.936986E+00	-2.431047E-01	-5.127399E-02	
6.927771E-03	4.873435E+00	-2.590702E-01	-4.854095E-02	
6.933326E-03	4.827602E+00	-2.664975E-01	-4.809631E-02	
6.938882E-03	4.818810E+00	-1.706452E-01	-2.452675E-02	
6.944437E-03	4.824827E+00	-2.394877E-02	-7.579212E-03	
6.949993E-03	4.905919E+00	7.978882E-02	-4.140405E-03	
6.955549E-03	5.001076E+00	1.251571E-01	4.685313E-03	
6.961104E-03	5.045102E+00	8.500465E-02	8.185930E-03	
6.966660E-03	5.071133E+00	2.199198E-02	-2.758782E-02	
6.972215E-03	5.047048E+00	-3.514419E-02	-5.286467E-02	
6.977771E-03	4.979700E+00	-4.977141E-02	-5.426419E-02	
6.983326E-03	4.920387E+00	-5.520823E-02	-6.408181E-02	
6.988882E-03	4.852194E+00	-7.111606E-02	-6.413804E-02	
6.994437E-03	4.784032E+00	-8.673305E-02	-6.415387E-02	
6.999993E-03	4.792928E+00	-1.217140E-01	-1.909326E-02	
7.005549E-03	4.845565E+00	-1.876758E-01	1.660948E-02	
7.011104E-03	4.894209E+00	-2.527258E-01	6.059496E-03	
7.016660E-03	4.973321E+00	-3.411011E-01	1.772391E-03	
7.022215E-03	5.046018E+00	-4.118764E-01	-3.054957E-02	
7.027771E-03	5.054334E+00	-3.459103E-01	-3.832802E-02	
7.033326E-03	5.052829E+00	-2.320782E-01	-1.660696E-02	
7.038882E-03	5.057752E+00	-8.726598E-02	-4.204023E-02	
7.044437E-03	5.037408E+00	9.564587E-03	-6.772189E-02	
7.049993E-03	4.967566E+00	-1.330843E-02	-7.240662E-02	
7.055549E-03	4.896072E+00	-2.963198E-02	-7.252099E-02	
7.061104E-03	4.846025E+00	-5.096814E-02	-5.713844E-02	
7.066660E-03	4.776673E+00	-6.750371E-02	-5.619143E-02	
7.072215E-03	4.733488E+00	-6.716739E-02	-6.810494E-02	
7.077771E-03	4.720140E+00	8.145048E-03	-4.506768E-02	
7.083326E-03	4.718030E+00	1.234039E-01	-1.989604E-02	
7.088882E-03	4.800152E+00	2.279474E-01	-7.422603E-03	
7.094437E-03	4.896966E+00	2.650078E-01	4.824697E-03	
7.099993E-03	4.949828E+00	2.026890E-01	1.034516E-02	
7.105548E-03	4.980652E+00	1.200234E-01	-2.548554E-02	
7.111104E-03	4.953215E+00	5.303675E-02	-5.837973E-02	
7.116660E-03	4.885027E+00	3.942357E-02	-6.109209E-02	
7.122215E-03	4.814549E+00	2.358047E-02	-6.113029E-02	
7.127771E-03	4.743918E+00	8.268587E-03	-6.152412E-02	
7.133326E-03	4.684997E+00	4.541365E-03	-7.252407E-02	
7.138882E-03	4.691460E+00	-4.566333E-02	-3.384372E-02	
7.144437E-03	4.738230E+00	-1.204442E-01	4.247118E-03	
7.149993E-03	4.816326E+00	-1.953609E-01	2.864499E-02	
7.155548E-03	4.902098E+00	-3.060376E-01	2.817882E-02	
7.161104E-03	4.943451E+00	-3.913375E-01	-2.310647E-02	
7.166659E-03	4.954763E+00	-3.507321E-01	-3.815148E-02	
7.172215E-03	4.996862E+00	-2.280785E-01	-5.754634E-02	
7.177771E-03	5.018507E+00	-8.789810E-02	-8.167861E-02	
7.183326E-03	4.979158E+00	-2.051867E-02	-7.519944E-02	
7.188882E-03	4.908611E+00	-3.651383E-02	-7.438996E-02	
7.194437E-03	4.839208E+00	-5.133987E-02	-7.318931E-02	
7.199993E-03	4.773408E+00	-6.968023E-02	-7.602752E-02	
7.205548E-03	4.707027E+00	-8.287639E-02	-7.521148E-02	
7.211104E-03	4.682526E+00	-9.285091E-02	-6.821826E-02	
7.216659E-03	4.677760E+00	-3.185086E-02	-4.406390E-02	
7.222215E-03	4.723596E+00	9.771544E-02	-5.290765E-02	
7.227771E-03	4.818555E+00	1.941258E-01	-3.829489E-02	
7.233326E-03	4.891334E+00	1.932231E-01	6.354876E-03	
7.238882E-03	4.956832E+00	7.342779E-02	-7.735922E-03	
7.244437E-03	4.992275E+00	-3.729742E-02	-4.488427E-02	
7.249993E-03	4.939626E+00	-7.215757E-02	-7.366830E-02	
7.255548E-03	4.876617E+00	-8.307862E-02	-7.622281E-02	
7.261104E-03	4.828765E+00	-1.039464E-01	-6.156261E-02	
7.266659E-03	4.763428E+00	-1.183577E-01	-6.100982E-02	
7.272215E-03	4.698354E+00	-1.326730E-01	-6.050385E-02	
7.277771E-03	4.698662E+00	-1.873591E-01	-2.255733E-02	
7.283326E-03	4.748738E+00	-2.632548E-01	4.199153E-03	
7.288882E-03	4.814208E+00	-3.933623E-01	-7.058154E-03	
7.294437E-03	4.857642E+00	-5.168335E-01	-3.546195E-02	
7.299993E-03	4.884342E+00	-4.990697E-01	-7.377718E-02	
7.305548E-03	4.919551E+00	-3.702375E-01	-6.121885E-02	
7.311104E-03	4.972914E+00	-2.341421E-01	-5.690464E-02	
7.316659E-03	5.008791E+00	-1.022395E-01	-7.580605E-02	
7.322215E-03	4.972566E+00	-4.138643E-02	-5.784229E-02	
7.327770E-03	4.911494E+00	-5.409998E-02	-6.210057E-02	
7.333326E-03	4.859021E+00	-6.068146E-02	-7.379159E-02	
7.338882E-03	4.793515E+00	-7.742489E-02	-7.389166E-02	
7.344437E-03	4.728055E+00	-9.396403E-02	-7.398113E-02	
7.349993E-03	4.691394E+00	-1.137392E-01	-6.973464E-02	
7.355548E-03	4.682496E+00	-7.144950E-02	-4.800503E-02	
7.361104E-03	4.739383E+00	3.547379E-02	-5.832343E-02	
7.366659E-03	4.836363E+00	1.260549E-01	-3.744609E-02	
7.372215E-03	4.909711E+00	1.240286E-01	9.330456E-03	
7.377770E-03	4.979546E+00	-9.547019E-03	-3.320465E-03	
7.383326E-03	5.017745E+00	-1.318530E-01	-3.733690E-02	
7.388882E-03	4.966206E+00	-1.694186E-01	-6.897396E-02	
7.394437E-03	4.906033E+00	-1.874442E-01	-7.735183E-02	
7.399993E-03	4.840370E+00	-2.059267E-01	-7.814418E-02	
7.405548E-03	4.774760E+00	-2.230857E-01	-7.815243E-02	
7.411104E-03	4.725276E+00	-2.485787E-01	-6.542352E-02	
7.416659E-03	4.665753E+00	-2.667563E-01	-6.050856E-02	
7.422215E-03	4.641977E+00	-2.941363E-01	-3.749311E-02	
7.427770E-03	4.694272E+00	-4.125679E-01	-9.172032E-03	
7.433326E-03	4.739805E+00	-5.364859E-01	-2.876924E-02	
7.438881E-03	4.764208E+00	-4.960321E-01	-4.036586E-02	
7.444437E-03	4.806626E+00	-3.957255E-01	-3.397300E-02	
7.449993E-03	4.859812E+00	-3.168266E-01	-6.787232E-02	
7.455548E-03	4.905061E+00	-1.982334E-01	-8.173946E-02	
7.461104E-03	4.889407E+00	-1.428641E-01	-5.753135E-02	
7.466659E-03	4.832593E+00	-1.543001E-01	-6.620218E-02	
7.472215E-03	4.766944E+00	-1.702514E-01	-6.689748E-02	
7.477770E-03	4.705615E+00	-1.854477E-01	-6.419567E-02	
7.483326E-03	4.665902E+00	-1.958033E-01	-6.791422E-02	
7.488881E-03	4.679825E+00	-1.366257E-01	-4.800980E-02	
7.494437E-03	4.719979E+00	-4.073610E-02	-3.347694E-02	
7.499992E-03	4.781197E+00	2.888432E-02	-6.099608E-02	
7.505548E-03	4.843076E+00	1.357875E-01	-6.131012E-02	
7.511104E-03	4.918605E+00	2.204829E-01	-3.176330E-02	
7.516659E-03	5.028537E+00	1.557389E-01	-1.716789E-02	
7.522215E-03	5.059376E+00	3.251846E-02	-2.209102E-02	
7.527770E-03	5.005967E+00	-1.359919E-02	-6.007054E-02	
7.533326E-03	4.955146E+00	-3.128262E-02	-8.063730E-02	
7.538881E-03	4.889235E+00	-4.694738E-02	-8.068414E-02	
7.544437E-03	4.823509E+00	-6.233836E-02	-8.075179E-02	
7.549992E-03	4.758083E+00	-7.747439E-02	-8.072694E-02	
7.555548E-03	4.692633E+00	-9.281331E-02	-8.095212E-02	
7.561104E-03	4.675653E+00	-1.339679E-01	-4.707254E-02	
7.566659E-03	4.726168E+00	-2.718600E-01	-8.008771E-03	
7.572215E-03	4.781565E+00	-4.074174E-01	-3.158763E-02	
7.577770E-03	4.800634E+00	-3.954339E-01	-4.897028E-02	
7.583326E-03	4.830979E+00	-3.303850E-01	-3.789644E-02	
7.588881E-03	4.891123E+00	-2.278554E-01	-4.138676E-02	
7.594437E-03	4.944822E+00	-1.219286E-01	-5.080923E-02	
7.599992E-03	4.920862E+00	-9.475074E-02	-6.837572E-02	
7.605548E-03	4.868959E+00	-1.030928E-01	-8.070130E-02	
7.611104E-03	4.815860E+00	-1.291569E-01	-6.788608E-02	
7.616659E-03	4.749633E+00	-1.466582E-01	-6.651280E-02	
7.622215E-03	4.711362E+00	-1.587416E-01	-7.555336E-02	
7.627770E-03	4.721045E+00	-1.210842E-01	-5.489340E-02	
7.633326E-03	4.754747E+00	-5.295807E-02	-3.658755E-02	
7.638881E-03	4.821627E+00	3.529103E-02	-3.376698E-02	
7.644437E-03	4.890873E+00	1.227625E-01	-3.081824E-02	
7.649992E-03	5.006367E+00	1.308869E-01	8.227515E-04	
7.655548E-03	5.118968E+00	5.129689E-02	2.142441E-02	
7.661103E-03	5.113034E+00	-5.524099E-02	-8.643303E-03	
7.666659E-03	5.056386E+00	-1.111410E-01	-5.493141E-02	
7.672215E-03	4.984599E+00	-1.465309E-01	-6.693542E-02	
7.677770E-03	4.914771E+00	-1.650062E-01	-6.682397E-02	
7.683326E-03	4.863067E+00	-1.748089E-01	-8.151230E-02	
7.688881E-03	4.792469E+00	-1.926164E-01	-8.048801E-02	
7.694437E-03	4.723363E+00	-2.096144E-01	-7.876470E-02	
7.699992E-03	4.719406E+00	-2.651580E-01	-2.758181E-02	
7.705548E-03	4.723489E+00	-3.731972E-01	-1.191563E-02	
7.711103E-03	4.756583E+00	-4.065364E-01	-6.424997E-02	
7.716659E-03	4.825406E+00	-3.317670E-01	-5.542236E-02	
7.722214E-03	4.903388E+00	-2.557873E-01	-5.232556E-02	
7.727770E-03	4.979896E+00	-1.811921E-01	-5.232295E-02	
7.733326E-03	5.017652E+00	-1.140243E-01	-3.632265E-02	
7.738881E-03	5.003652E+00	-9.276546E-02	-5.711928E-02	
7.744437E-03	4.958861E+00	-1.016096E-01	-7.102173E-02	
7.749992E-03	4.893627E+00	-1.175622E-01	-6.791583E-02	
7.755548E-03	4.828862E+00	-1.361253E-01	-6.739847E-02	
7.761103E-03	4.800764E+00	-1.644005E-01	-6.162521E-02	
7.766659E-03	4.816852E+00	-1.516351E-01	-3.814169E-02	
7.772214E-03	4.895062E+00	-9.979541E-02	-4.561809E-02	
7.777770E-03	4.975911E+00	-3.992507E-02	-4.498609E-02	
7.783326E-03	5.026856E+00	7.589008E-03	-2.141578E-02	
7.788881E-03	5.130084E+00	-6.852366E-04	-1.452783E-02	
7.794437E-03	5.199116E+00	-5.416560E-02	-3.503317E-02	
7.799992E-03	5.144004E+00	-9.300370E-02	-6.365155E-02	
7.805548E-03	5.083366E+00	-1.117584E-01	-6.851547E-02	
7.811103E-03	5.029415E+00	-1.413816E-01	-5.803113E-02	
7.816659E-03	4.964702E+00	-1.609626E-01	-5.772250E-02	
7.822214E-03	4.900402E+00	-1.804485E-01	-5.748587E-02	
7.827770E-03	4.836741E+00	-2.008137E-01	-5.698595E-02	
7.833326E-03	4.791658E+00	-2.151534E-01	-7.014752E-02	
7.838881E-03	4.780040E+00	-3.063912E-01	-3.526481E-02	
7.844437E-03	4.778624E+00	-4.288577E-01	-1.997198E-02	
7.849992E-03	4.814848E+00	-4.573873E-01	-4.984921E-02	
7.855548E-03	4.883037E+00	-4.115517E-01	-4.226966E-02	
7.861103E-03	4.959062E+00	-3.589944E-01	-4.572699E-02	
7.866659E-03	5.038826E+00	-3.069973E-01	-4.587178E-02	
7.872214E-03	5.090048E+00	-2.554322E-01	-3.788887E-02	
7.877770E-03	5.085018E+00	-2.358726E-01	-5.960399E-02	
7.883325E-03	5.040986E+00	-2.440575E-01	-6.783112E-02	
7.888881E-03	4.976889E+00	-2.653793E-01	-6.735740E-02	
7.894437E-03	4.912948E+00	-2.865713E-01	-6.697644E-02	
7.899992E-03	4.881448E+00	-3.185175E-01	-5.041261E-02	
7.905548E-03	4.891110E+00	-3.242123E-01	-2.603832E-02	
7.911103E-03	4.965129E+00	-2.938841E-01	-3.984865E-02	
7.916659E-03	5.047231E+00	-2.535162E-01	-3.998079E-02	
7.922214E-03	5.131456E+00	-2.127321E-01	-3.981133E-02	
7.927770E-03	5.213904E+00	-1.710595E-01	-4.193696E-02	
7.933325E-03	5.259099E+00	-1.301864E-01	-3.053527E-02	
7.938881E-03	5.248585E+00	-1.207696E-01	-5.193950E-02	
7.944436E-03	5.206298E+00	-1.349729E-01	-6.536120E-02	
7.949992E-03	5.143696E+00	-1.514734E-01	-5.983373E-02	
7.955548E-03	5.079243E+00	-1.747616E-01	-5.943308E-02	
7.961103E-03	5.023523E+00	-2.070949E-01	-5.000096E-02	
7.966659E-03	4.958068E+00	-2.301449E-01	-5.032131E-02	
7.972214E-03	4.893782E+00	-2.511259E-01	-5.137632E-02	
7.977770E-03	4.834036E+00	-2.721924E-01	-4.782660E-02	
7.983325E-03	4.800619E+00	-2.973454E-01	-4.998354E-02	
7.988881E-03	4.832206E+00	-2.960969E-01	-2.821934E-02	
7.994436E-03	4.895380E+00	-2.746330E-01	-1.429892E-02	
7.999992E-03	4.974398E+00	-2.687987E-01	-2.878300E-02	
8.005548E-03	5.059969E+00	-2.442892E-01	-2.824544E-02	
8.011103E-03	5.115634E+00	-2.093232E-01	-3.015165E-02	
8.016659E-03	5.117082E+00	-1.963872E-01	-5.495955E-02	
8.022214E-03	5.053290E+00	-2.105688E-01	-4.861315E-02	
8.027770E-03	4.986626E+00	-2.307282E-01	-4.878597E-02	
8.033325E-03	4.941344E+00	-2.455024E-01	-6.290943E-02	
8.038881E-03	4.905234E+00	-2.737056E-01	-3.720513E-02	
8.044436E-03	4.908839E+00	-2.920614E-01	-1.130019E-02	
8.049992E-03	4.989089E+00	-2.935073E-01	-2.386038E-02	
8.055548E-03	5.076211E+00	-2.778712E-01	-2.243716E-02	
8.061103E-03	5.157329E+00	-2.560792E-01	-2.810863E-02	
8.066659E-03	5.244034E+00	-2.439714E-01	-2.847752E-02	
8.072214E-03	5.300314E+00	-2.263979E-01	-2.296461E-02	
8.077770E-03	5.293465E+00	-2.211224E-01	-4.855274E-02	
8.083325E-03	5.247694E+00	-2.345657E-01	-6.005855E-02	
8.088881E-03	5.180949E+00	-2.549953E-01	-6.005486E-02	
8.094436E-03	5.114108E+00	-2.752304E-01	-6.000017E-02	
8.099992E-03	5.050364E+00	-2.878249E-01	-5.390323E-02	
8.105547E-03	4.983608E+00	-3.080384E-01	-5.378033E-02	
8.111103E-03	4.924681E+00	-3.375573E-01	-4.521342E-02	
8.116659E-03	4.838083E+00	-3.083316E-01	-6.422972E-02	
8.122214E-03	4.821955E+00	-2.451864E-01	-7.762718E-02	
8.127770E-03	4.894373E+00	-2.126324E-01	-3.000552E-02	
8.133325E-03	4.956106E+00	-2.063108E-01	-2.300442E-03	
8.138881E-03	5.041671E+00	-2.071915E-01	-1.182601E-03	
8.144436E-03	5.128610E+00	-2.083784E-01	-4.165619E-05	
8.149992E-03	5.177583E+00	-1.977742E-01	-2.823314E-02	
8.155547E-03	5.185774E+00	-1.909743E-01	-5.549395E-02	
8.161103E-03	5.127802E+00	-2.117786E-01	-3.892295E-02	
8.166659E-03	5.058245E+00	-2.333276E-01	-3.880180E-02	
8.172214E-03	4.988834E+00	-2.546135E-01	-3.878379E-02	
8.177770E-03	4.940762E+00	-2.941170E-01	-1.131846E-02	
8.183325E-03	4.954543E+00	-3.284170E-01	7.907491E-04	
8.188881E-03	5.037585E+00	-3.393575E-01	1.212734E-03	
8.194436E-03	5.121296E+00	-3.505516E-01	1.907909E-03	
8.199992E-03	5.184806E+00	-3.484873E-01	-2.940696E-02	
8.205547E-03	5.234145E+00	-2.971682E-01	-7.615905E-02	
8.211103E-03	5.253487E+00	-2.284260E-01	-7.285743E-02	
8.216658E-03	5.244601E+00	-1.913295E-01	-5.355962E-02	
8.222214E-03	5.183857E+00	-1.921106E-01	-3.703836E-02	
8.227770E-03	5.112911E+00	-2.142604E-01	-3.693921E-02	
8.233325E-03	5.064194E+00	-2.347612E-01	-5.254009E-02	
8.238881E-03	4.992997E+00	-2.562965E-01	-5.312524E-02	
8.244436E-03	4.920821E+00	-2.773776E-01	-5.380638E-02	
8.249992E-03	4.844085E+00	-2.698843E-01	-6.110035E-02	
8.255547E-03	4.754604E+00	-2.410636E-01	-8.776011E-02	
8.261103E-03	4.747620E+00	-2.159575E-01	-8.152651E-02	
8.266658E-03	4.818969E+00	-2.020436E-01	-2.375982E-02	
8.272214E-03	4.917747E+00	-2.109369E-01	-1.187552E-02	
8.277769E-03	5.010265E+00	-2.364680E-01	-1.072411E-02	
8.283325E-03	5.074229E+00	-2.643208E-01	1.092489E-02	
8.288881E-03	5.136827E+00	-2.688878E-01	-1.928860E-02	
8.294436E-03	5.156146E+00	-2.716202E-01	-4.985727E-02	
8.299992E-03	5.090109E+00	-2.818909E-01	-4.226312E-02	
8.305547E-03	5.019526E+00	-3.004475E-01	-4.205052E-02	
8.311103E-03	4.957041E+00	-3.276081E-01	-3.442069E-02	
8.316658E-03	4.908717E+00	-3.690609E-01	-7.499686E-03	
8.322214E-03	4.947974E+00	-4.139633E-01	-1.253481E-02	
8.327769E-03	5.036499E+00	-4.483884E-01	-7.442038E-03	
8.333325E-03	5.100927E+00	-4.844549E-01	1.486686E-02	
8.338881E-03	5.183351E+00	-5.012949E-01	-2.331738E-03	
8.344436E-03	5.244640E+00	-4.816981E-01	-5.039331E-02	
8.349992E-03	5.239766E+00	-3.836696E-01	-1.125901E-01	
8.355547E-03	5.268484E+00	-2.439360E-01	-9.234782E-02	
8.361103E-03	5.270493E+00	-1.890017E-01	-2.867877E-02	
8.366658E-03	5.206553E+00	-2.076602E-01	-3.201479E-02	
8.372214E-03	5.138555E+00	-2.259810E-01	-3.212552E-02	
8.377769E-03	5.071014E+00	-2.446430E-01	-3.189108E-02	
8.383325E-03	5.024727E+00	-2.637987E-01	-4.659826E-02	
8.388881E-03	4.950766E+00	-2.690748E-01	-5.732104E-02	
8.394436E-03	4.864959E+00	-2.512013E-01	-8.630086E-02	
8.399992E-03	4.819019E+00	-1.737776E-01	-1.136326E-01	
8.405547E-03	4.850707E+00	-6.254233E-02	-5.731587E-02	
8.411103E-03	4.944153E+00	-3.253242E-02	-8.034492E-03	
8.416658E-03	5.028079E+00	-7.857659E-02	-3.082621E-03	
8.422214E-03	5.120559E+00	-1.255712E-01	-2.726754E-03	
8.427769E-03	5.192601E+00	-1.453009E-01	-3.400889E-02	
8.433325E-03	5.192589E+00	-1.553583E-01	-4.445147E-02	
8.438880E-03	5.124917E+00	-1.736384E-01	-4.408532E-02	
8.444436E-03	5.057419E+00	-1.919181E-01	-4.367492E-02	
8.449992E-03	5.003510E+00	-2.134835E-01	-2.481478E-02	
8.455547E-03	4.951734E+00	-2.589335E-01	-6.500113E-04	
8.461103E-03	4.978242E+00	-3.128305E-01	-7.571265E-03	
8.466658E-03	5.057378E+00	-3.697465E-01	8.725428E-04	
8.472214E-03	5.148843E+00	-4.273399E-01	4.359725E-04	
8.477769E-03	5.234497E+00	-4.683903E-01	-1.106173E-02	
8.483325E-03	5.270933E+00	-4.667267E-01	-3.313343E-02	
8.488880E-03	5.302472E+00	-3.265814E-01	-6.763077E-02	
8.494436E-03	5.342334E+00	-1.880536E-01	-5.166700E-02	
8.499992E-03	5.318857E+00	-1.686537E-01	-2.826921E-02	
8.505547E-03	5.256076E+00	-1.884523E-01	-3.250308E-02	
8.511103E-03	5.191422E+00	-2.153437E-01	-2.675415E-02	
8.516658E-03	5.123944E+00	-2.354286E-01	-2.652857E-02	
8.522214E-03	5.056038E+00	-2.551360E-01	-2.709944E-02	
8.527769E-03	4.984924E+00	-2.619635E-01	-3.490549E-02	
8.533325E-03	4.925786E+00	-2.465376E-01	-7.470043E-02	
8.538880E-03	4.909509E+00	-1.253505E-01	-7.260091E-02	
8.544436E-03	4.942320E+00	-1.835056E-02	-2.123059E-02	
8.549991E-03	5.016538E+00	-6.510023E-02	1.495982E-02	
8.555547E-03	5.095896E+00	-1.319153E-01	2.383263E-02	
8.561103E-03	5.176826E+00	-1.780820E-01	6.472622E-03	
8.566658E-03	5.250883E+00	-2.188557E-01	-2.228230E-02	
8.572214E-03	5.237327E+00	-2.394237E-01	-1.850884E-02	
8.577769E-03	5.173534E+00	-2.595888E-01	-2.296885E-02	
8.583325E-03	5.125466E+00	-2.805801E-01	-3.863527E-02	
8.588880E-03	5.058762E+00	-2.963409E-01	-3.844114E-02	
8.594436E-03	4.992120E+00	-3.119185E-01	-3.821919E-02	
8.599991E-03	4.962623E+00	-3.673074E-01	-1.167962E-03	
8.605547E-03	4.971257E+00	-4.418723E-01	3.351200E-02	
8.611102E-03	5.045490E+00	-5.000672E-01	9.420615E-03	
8.616658E-03	5.109541E+00	-4.866048E-01	-4.755724E-02	
8.622214E-03	5.124232E+00	-4.014471E-01	-8.224114E-02	
8.627769E-03	5.151141E+00	-2.421937E-01	-7.727822E-02	
8.633325E-03	5.187154E+00	-1.080199E-01	-5.472924E-02	
8.638880E-03	5.161300E+00	-9.628966E-02	-3.675550E-02	
8.644436E-03	5.104386E+00	-1.087298E-01	-3.679731E-02	
8.649991E-03	5.045561E+00	-1.147483E-01	-2.682365E-02	
8.655547E-03	4.977704E+00	-1.308755E-01	-2.652262E-02	
8.661102E-03	4.912332E+00	-1.535273E-01	-2.138515E-02	
8.666658E-03	4.838395E+00	-1.114415E-01	-4.719755E-02	
8.672214E-03	4.802436E+00	-2.475154E-02	-8.246054E-02	
8.677769E-03	4.830114E+00	1.197120E-01	-6.674525E-02	
8.683325E-03	4.878287E+00	2.189057E-01	-2.497361E-02	
8.688880E-03	4.946763E+00	1.603295E-01	2.170763E-02	
8.694436E-03	5.018048E+00	7.876178E-02	3.729268E-02	
8.699991E-03	5.098068E+00	2.720709E-03	2.522301E-02	
8.705547E-03	5.171778E+00	-5.495418E-02	-1.660293E-03	
8.711102E-03	5.159778E+00	-7.046092E-02	-9.000010E-03	
8.716658E-03	5.100213E+00	-9.032214E-02	-1.693525E-02	
8.722214E-03	5.029560E+00	-1.072086E-01	-1.674360E-02	
8.727769E-03	4.959091E+00	-1.240772E-01	-1.638660E-02	
8.733325E-03	4.909629E+00	-1.460513E-01	-3.127855E-02	
8.738880E-03	4.862920E+00	-2.085899E-01	5.058705E-03	
8.744436E-03	4.854799E+00	-2.931700E-01	4.140110E-02	
8.749991E-03	4.926799E+00	-3.586820E-01	1.599581E-02	
8.755547E-03	4.992592E+00	-3.756992E-01	-3.898306E-02	
8.761102E-03	5.015494E+00	-3.212828E-01	-6.970749E-02	
8.766658E-03	5.052188E+00	-1.729585E-01	-7.111674E-02	
8.772213E-03	5.081477E+00	-4.524488E-02	-4.468105E-02	
8.777769E-03	5.060924E+00	-3.409584E-02	-2.387033E-02	
8.783325E-03	5.020645E+00	-4.733839E-02	-2.959665E-02	
8.788880E-03	4.950969E+00	-6.368336E-02	-2.943524E-02	
8.794436E-03	4.881488E+00	-7.926687E-02	-2.960959E-02	
8.799991E-03	4.818197E+00	-6.394042E-02	-3.287807E-02	
8.805547E-03	4.744120E+00	-2.995617E-02	-5.899392E-02	
8.811102E-03	4.715376E+00	1.974008E-02	-7.551666E-02	
8.816658E-03	4.747002E+00	1.719297E-01	-7.204567E-02	
8.822213E-03	4.783829E+00	3.217032E-01	-7.145196E-02	
8.827769E-03	4.832373E+00	3.604145E-01	-9.296301E-03	
8.833325E-03	4.898275E+00	3.284835E-01	4.968473E-02	
8.838880E-03	4.981112E+00	2.262923E-01	4.183064E-02	
8.844436E-03	5.059176E+00	1.448624E-01	1.746668E-02	
8.849991E-03	5.056213E+00	1.289217E-01	-6.591719E-04	
8.855547E-03	5.004331E+00	1.072767E-01	-1.450272E-02	
8.861102E-03	4.936388E+00	8.754016E-02	-1.153076E-02	
8.866658E-03	4.869436E+00	7.375022E-02	-1.100628E-02	
8.872213E-03	4.803702E+00	5.966617E-02	-1.098856E-02	
8.877769E-03	4.751466E+00	-2.906216E-03	2.949291E-02	
8.883324E-03	4.756918E+00	-1.012379E-01	5.661340E-02	
8.888880E-03	4.837440E+00	-1.999593E-01	3.815280E-02	
8.894436E-03	4.910194E+00	-2.519927E-01	-1.555990E-02	
8.899991E-03	4.935461E+00	-1.652821E-01	-8.983302E-02	
8.905547E-03	4.989608E+00	-2.865184E-02	-9.991136E-02	
8.911102E-03	5.037612E+00	4.409761E-02	-4.600335E-02	
8.916658E-03	5.026620E+00	5.529776E-02	-2.253720E-02	
8.922213E-03	4.975030E+00	5.235412E-02	-9.304955E-03	
8.927769E-03	4.909256E+00	3.668231E-02	-8.800642E-03	
8.933324E-03	4.862220E+00	1.371268E-02	-2.207924E-02	
8.938880E-03	4.796276E+00	1.081914E-02	-3.143566E-02	
8.944436E-03	4.727605E+00	3.114852E-02	-5.742966E-02	
8.949991E-03	4.705225E+00	1.243763E-01	-9.852135E-02	
8.955547E-03	4.746806E+00	2.578744E-01	-9.473519E-02	
8.961102E-03	4.799260E+00	3.445493E-01	-6.266415E-02	
8.966658E-03	4.850184E+00	3.770566E-01	-4.000346E-03	
8.972213E-03	4.943484E+00	3.267232E-01	2.876382E-02	
8.977769E-03	5.017714E+00	2.056900E-01	2.698178E-02	
8.983324E-03	5.059793E+00	1.195185E-01	3.100031E-02	
8.988880E-03	5.054819E+00	8.563006E-02	-1.833648E-03	
8.994435E-03	5.014121E+00	5.934522E-02	-1.815230E-02	
8.999991E-03	4.962681E+00	5.142068E-02	-6.108345E-03	
9.005547E-03	4.897938E+00	3.390039E-02	-5.798595E-03	
9.011102E-03	4.833895E+00	1.448643E-02	-4.392553E-03	
9.016658E-03	4.776717E+00	-4.940511E-02	3.199070E-02	
9.022213E-03	4.801109E+00	-1.663301E-01	3.229514E-02	
9.027769E-03	4.868854E+00	-2.851803E-01	2.375496E-02	
9.033324E-03	4.904284E+00	-3.432741E-01	4.263206E-03	
9.038880E-03	4.971382E+00	-2.498823E-01	-4.613553E-02	
9.044435E-03	5.036628E+00	-1.344089E-01	-6.228429E-02	
9.049991E-03	5.059024E+00	-9.098061E-02	-4.445743E-02	
9.055546E-03	5.056875E+00	-8.083125E-02	-2.125172E-02	
9.061102E-03	5.012465E+00	-8.624513E-02	-2.564418E-03	
9.066658E-03	4.947425E+00	-1.044744E-01	-2.177108E-03	
9.072213E-03	4.882786E+00	-1.228446E-01	-1.795863E-03	
9.077769E-03	4.817425E+00	-1.304940E-01	-9.010004E-03	
9.083324E-03	4.767430E+00	-1.217148E-01	-4.533852E-02	
9.088880E-03	4.780230E+00	-1.315966E-02	-6.051337E-02	
9.094435E-03	4.826163E+00	1.073486E-01	-5.927809E-02	
9.099991E-03	4.901226E+00	1.975154E-01	-1.727162E-02	
9.105546E-03	4.991929E+00	2.468790E-01	6.973438E-02	
9.111102E-03	5.069101E+00	1.720428E-01	9.186522E-02	
9.116658E-03	5.133804E+00	6.813606E-02	6.354135E-02	
9.122213E-03	5.118139E+00	1.806740E-02	6.122033E-02	
9.127769E-03	5.060330E+00	-3.164481E-03	5.866328E-02	
9.133324E-03	5.011987E+00	-2.920392E-02	4.708405E-02	
9.138880E-03	4.948680E+00	-4.382601E-02	4.756534E-02	
9.144435E-03	4.886831E+00	-5.745096E-02	4.921415E-02	
9.149991E-03	4.825974E+00	-9.248041E-02	6.613869E-02	
9.155546E-03	4.765060E+00	-1.538801E-01	1.015399E-01	
9.161102E-03	4.784767E+00	-2.552115E-01	9.295652E-02	
9.166658E-03	4.844260E+00	-3.181794E-01	3.451430E-02	
9.172213E-03	4.890506E+00	-2.865468E-01	7.832223E-03	
9.177769E-03	4.948678E+00	-1.847593E-01	1.013609E-03	
9.183324E-03	5.006112E+00	-8.342857E-02	-5.076444E-03	
9.188880E-03	5.060392E+00	5.838758E-03	-2.360057E-04	
9.194435E-03	5.115621E+00	7.327504E-02	1.995253E-02	
9.199991E-03	5.111082E+00	7.645873E-02	5.032425E-02	
9.205546E-03	5.051792E+00	5.765665E-02	4.817530E-02	
9.211102E-03	4.988379E+00	4.183741E-02	4.929264E-02	
9.216657E-03	4.925041E+00	2.980779E-02	4.784484E-02	
9.222213E-03	4.868070E+00	3.575024E-02	2.684438E-02	
9.227769E-03	4.868062E+00	1.175889E-01	1.060739E-04	
9.233324E-03	4.926683E+00	2.109129E-01	-6.590098E-03	
9.238880E-03	4.982872E+00	2.761591E-01	1.065697E-02	
9.244435E-03	5.035514E+00	2.920778E-01	6.150205E-02	
9.249991E-03	5.099261E+00	1.722926E-01	1.034705E-01	
9.255546E-03	5.157514E+00	4.886934E-02	8.256950E-02	
9.261102E-03	5.148434E+00	1.281399E-02	5.914387E-02	
9.266657E-03	5.094114E+00	-1.223892E-02	5.039482E-02	
9.272213E-03	5.027910E+00	-2.930420E-02	5.170138E-02	
9.277769E-03	4.961655E+00	-4.645007E-02	5.327884E-02	
9.283324E-03	4.910086E+00	-7.335934E-02	4.229234E-02	
9.288880E-03	4.842942E+00	-1.080305E-01	5.592863E-02	
9.294435E-03	4.773466E+00	-1.713221E-01	8.995186E-02	
9.299991E-03	4.780806E+00	-2.961202E-01	9.462321E-02	
9.305546E-03	4.834250E+00	-3.860064E-01	4.755716E-02	
9.311102E-03	4.887128E+00	-3.716149E-01	1.316067E-02	
9.316657E-03	4.954849E+00	-2.896964E-01	1.357792E-03	
9.322213E-03	5.013796E+00	-2.024599E-01	-2.735456E-03	
9.327768E-03	5.072542E+00	-1.259726E-01	-1.098287E-04	
9.333324E-03	5.132527E+00	-7.281527E-02	1.519815E-02	
9.338880E-03	5.121624E+00	-8.115904E-02	4.002156E-02	
9.344435E-03	5.060020E+00	-1.036855E-01	3.730865E-02	
9.349991E-03	4.995359E+00	-1.205210E-01	4.092025E-02	
9.355546E-03	4.926091E+00	-1.376915E-01	4.126090E-02	
9.361102E-03	4.864763E+00	-1.338696E-01	2.226248E-02	
9.366657E-03	4.868046E+00	-6.074849E-02	-2.516495E-03	
9.372213E-03	4.931125E+00	1.717158E-02	-8.172522E-03	
9.377768E-03	4.997637E+00	9.172596E-02	-9.729356E-03	
9.383324E-03	5.065807E+00	1.631478E-01	-1.142637E-02	
9.388879E-03	5.125243E+00	1.304840E-01	4.863486E-02	
9.394435E-03	5.174398E+00	4.927329E-02	7.998136E-02	
9.399991E-03	5.174209E+00	-3.130649E-03	5.312715E-02	
9.405546E-03	5.126583E+00	-3.970814E-02	3.877918E-02	
9.411102E-03	5.061633E+00	-5.673512E-02	3.601414E-02	
9.416657E-03	4.996957E+00	-7.612478E-02	3.635019E-02	
9.422213E-03	4.933987E+00	-9.509158E-02	3.742454E-02	
9.427768E-03	4.871417E+00	-1.142367E-01	3.894816E-02	
9.433324E-03	4.820967E+00	-1.429733E-01	2.988090E-02	
9.438879E-03	4.759698E+00	-2.055085E-01	5.452311E-02	
9.444435E-03	4.744495E+00	-2.678964E-01	5.070058E-02	
9.449991E-03	4.817557E+00	-2.492662E-01	-8.292655E-03	
9.455546E-03	4.903379E+00	-2.024226E-01	-2.236754E-02	
9.461102E-03	4.972752E+00	-1.740222E-01	-5.526623E-03	
9.466657E-03	5.047088E+00	-1.220520E-01	-6.433367E-03	
9.472213E-03	5.112165E+00	-8.206248E-02	1.159603E-02	
9.477768E-03	5.110421E+00	-9.915019E-02	3.303673E-02	
9.483324E-03	5.060344E+00	-1.279694E-01	2.530292E-02	
9.488879E-03	4.997788E+00	-1.483645E-01	2.693423E-02	
9.494435E-03	4.935394E+00	-1.686922E-01	2.854431E-02	
9.499991E-03	4.888973E+00	-1.461518E-01	-3.139142E-03	
9.505546E-03	4.898594E+00	-9.853525E-02	-2.103626E-02	
9.511102E-03	4.964810E+00	-7.619116E-02	-7.469306E-03	
9.516657E-03	5.039939E+00	-2.975561E-02	-9.093026E-03	
9.522213E-03	5.115275E+00	1.602909E-02	-1.214853E-02	
9.527768E-03	5.169961E+00	-2.343029E-02	4.554979E-02	
9.533324E-03	5.210315E+00	-1.042038E-01	8.029610E-02	
9.538879E-03	5.213197E+00	-1.661688E-01	4.626569E-02	
9.544435E-03	5.171675E+00	-2.073621E-01	2.669272E-02	
9.549990E-03	5.111442E+00	-2.278538E-01	3.057460E-02	
9.555546E-03	5.048398E+00	-2.492059E-01	3.218829E-02	
9.561102E-03	4.987489E+00	-2.648315E-01	2.900283E-02	
9.566657E-03	4.925055E+00	-2.866920E-01	3.045376E-02	
9.572213E-03	4.863006E+00	-3.092343E-01	3.186177E-02	
9.577768E-03	4.813369E+00	-2.933192E-01	6.986103E-03	
9.583324E-03	4.827827E+00	-2.637410E-01	-1.469336E-02	
9.588879E-03	4.904249E+00	-2.222607E-01	-1.713147E-02	
9.594435E-03	4.981430E+00	-1.820872E-01	-1.937701E-02	
9.599990E-03	5.055122E+00	-1.460655E-01	-2.483196E-02	
9.605546E-03	5.133958E+00	-1.101181E-01	-2.681980E-02	
9.611102E-03	5.197928E+00	-1.102125E-01	3.656685E-03	
9.616657E-03	5.197918E+00	-1.390771E-01	2.256456E-02	
9.622213E-03	5.137256E+00	-1.620783E-01	2.559583E-02	
9.627768E-03	5.073763E+00	-1.860863E-01	2.714050E-02	
9.633324E-03	5.018807E+00	-2.182509E-01	1.859763E-02	
9.638879E-03	4.972777E+00	-2.011024E-01	-8.418440E-03	
9.644435E-03	4.983953E+00	-1.658058E-01	-2.115784E-02	
9.649990E-03	5.059880E+00	-1.374632E-01	-2.619062E-02	
9.655546E-03	5.140633E+00	-1.096309E-01	-2.799271E-02	
9.661101E-03	5.215378E+00	-1.047220E-01	-1.508275E-02	
9.666657E-03	5.284583E+00	-1.125232E-01	4.499123E-03	
9.672213E-03	5.284039E+00	-1.237984E-01	2.412531E-02	
9.677768E-03	5.220387E+00	-1.496147E-01	2.424561E-02	
9.683324E-03	5.163259E+00	-1.833423E-01	1.720006E-02	
9.688879E-03	5.098105E+00	-2.057910E-01	1.709888E-02	
9.694435E-03	5.033575E+00	-2.261587E-01	1.693807E-02	
9.699990E-03	4.972601E+00	-2.442908E-01	2.089282E-02	
9.705546E-03	4.908354E+00	-2.629965E-01	2.244657E-02	
9.711101E-03	4.847198E+00	-2.750160E-01	1.847128E-02	
9.716657E-03	4.795646E+00	-2.651261E-01	-4.574993E-04	
9.722212E-03	4.812016E+00	-2.569884E-01	-2.090427E-02	
9.727768E-03	4.889003E+00	-2.404023E-01	-2.121093E-02	
9.733324E-03	4.962480E+00	-2.202809E-01	-1.665262E-02	
9.738879E-03	5.042573E+00	-2.096507E-01	-1.931246E-02	
9.744435E-03	5.122526E+00	-1.999394E-01	-2.272921E-02	
9.749990E-03	5.182637E+00	-2.227284E-01	1.491273E-03	
9.755546E-03	5.185869E+00	-2.566329E-01	1.404687E-02	
9.761101E-03	5.126729E+00	-2.688963E-01	1.194428E-02	
9.766657E-03	5.060822E+00	-2.896361E-01	1.354372E-02	
9.772212E-03	4.995248E+00	-3.103859E-01	1.499226E-02	
9.777768E-03	4.944019E+00	-3.018208E-01	-3.548451E-03	
9.783324E-03	4.957725E+00	-2.936721E-01	-1.808333E-02	
9.788879E-03	5.038696E+00	-2.919377E-01	-2.006224E-02	
9.794435E-03	5.119668E+00	-2.918262E-01	-2.225882E-02	
9.799990E-03	5.204210E+00	-2.731262E-01	-4.395648E-02	
9.805546E-03	5.304096E+00	-2.295582E-01	-8.114997E-02	
9.811101E-03	5.315141E+00	-1.733575E-01	-4.065100E-02	
9.816657E-03	5.246369E+00	-1.591002E-01	8.285069E-03	
9.822212E-03	5.179489E+00	-1.809303E-01	1.097722E-02	
9.827768E-03	5.110970E+00	-2.029639E-01	1.269421E-02	
9.833324E-03	5.049446E+00	-2.345136E-01	5.841491E-03	
9.838879E-03	4.981055E+00	-2.566068E-01	7.398310E-03	
9.844435E-03	4.912848E+00	-2.784051E-01	9.010496E-03	
9.849990E-03	4.861478E+00	-2.714716E-01	-8.887124E-03	
9.855546E-03	4.822382E+00	-2.282919E-01	-5.781367E-02	
9.861101E-03	4.780565E+00	-1.571970E-01	-5.815151E-02	
9.866657E-03	4.793000E+00	-1.041406E-01	-2.261275E-02	
9.872212E-03	4.871133E+00	-1.132246E-01	-2.601808E-02	
9.877768E-03	4.950760E+00	-1.241014E-01	-2.792731E-02	
9.883323E-03	5.023779E+00	-1.256904E-01	-2.034888E-02	
9.888879E-03	5.086851E+00	-1.677030E-01	-1.199478E-03	
9.894435E-03	5.090506E+00	-2.133759E-01	5.008959E-03	
9.899990E-03	5.024347E+00	-2.359662E-01	9.198829E-03	
9.905546E-03	4.954706E+00	-2.588217E-01	1.118787E-02	
9.911101E-03	4.889534E+00	-2.696929E-01	4.007719E-03	
9.916657E-03	4.834561E+00	-2.650819E-01	-1.242599E-02	
9.922212E-03	4.853896E+00	-2.797568E-01	-3.189997E-02	
9.927768E-03	4.995463E+00	-2.942127E-01	8.603987E-03	
9.933323E-03	5.074340E+00	-3.018780E-01	1.831863E-02	
9.938879E-03	5.170175E+00	-3.122483E-01	5.235790E-03	
9.944435E-03	5.247926E+00	-3.022382E-01	-4.812228E-02	
9.949990E-03	5.212665E+00	-2.643896E-01	-4.730547E-02	
9.955546E-03	5.129289E+00	-2.475857E-01	-2.278756E-02	
9.961101E-03	5.065546E+00	-2.592029E-01	-2.957378E-02	
9.966657E-03	4.997496E+00	-2.792986E-01	-2.862724E-02	
9.972212E-03	4.931181E+00	-2.974545E-01	-2.647181E-02	
9.977768E-03	4.865512E+00	-3.144783E-01	-2.450905E-02	
9.983323E-03	4.807352E+00	-3.407845E-01	-2.930217E-02	
9.988879E-03	4.805995E+00	-2.758364E-01	-7.281862E-02	
9.994434E-03	4.832447E+00	-1.569926E-01	-1.092293E-01	
